0.03407461	
0.03866256	
0.04878545	
0.05900933	
0.06912221	
0.07968009	
0.08981398	
0.09991986	
0.1101077	
0.1202786	
0.1304045	
0.1405594	
0.1506993	
0.1608522	
0.1710791	
0.1811609	
0.1913038	
0.2014957	
0.2116166	
0.2217545	
0.2318624	
0.2420692	
0.2522771	
0.262348	
0.2725219	
0.2827088	
0.2928187	
0.3029716	
0.3131844	
0.3233353	
0.3334772	
0.3436131	
0.353741	
0.3638919	
0.3740337	
0.3841566	
0.3943685	
0.4045384	
0.4146533	
0.4247922	
0.4350291	
0.4451099	
0.4552558	
0.4653977	
0.4755326	
0.4857505	
0.4958164	
0.5060102	
0.5160851	
0.526492	
0.5364139	
0.5465388	
0.5567457	
0.5668236	
0.5769404	
0.5950652	
0.5993832	
0.6095941	
0.619717	
0.6298618	
0.6400197	
0.6501616	
0.6604035	
0.6704624	
0.6806193	
0.6908641	
0.70092	
0.7112189	
0.7212738	
0.7314197	
0.7415616	
0.7516595	
0.7618633	
0.7720142	
0.7821671	
0.792364	
0.8024389	
0.8126178	
0.8227607	
0.8328685	
0.8430934	
0.8531903	
0.8633422	
0.8736331	
0.883627	
0.8939078	
0.9039457	
0.9140576	
0.9241965	
0.9343444	
0.9445273	
0.9546312	
0.964761	
0.9750769	
0.9873948	
0.9953207	
1.005473	
1.023466	
1.027812	
1.037953	
1.048108	
1.058267	
1.06848	
1.078598	
1.088778	
1.098973	
1.109097	
1.119236	
1.129757	
1.13984	
1.149986	
1.160095	
1.170403	
1.18053	
1.192042	
1.200803	
1.219023	
1.223599	
1.233566	
1.243676	
1.253817	
1.263968	
1.274088	
1.284287	
1.294394	
1.304537	
1.314696	
1.324806	
1.334989	
1.345081	
1.356662	
1.365723	
1.376195	
1.386073	
1.396127	
1.406289	
1.416429	
1.426619	
1.436734	
1.44687	
1.457018	
1.467256	
1.47731	
1.487463	
1.49763	
1.507749	
1.517895	
1.528087	
1.538224	
1.556224	
1.560568	
1.570717	
1.581046	
1.591005	
1.601124	
1.611309	
1.621451	
1.632791	210.234794	210.233635	209.929361	209.928202	
1.642959	210.236416	210.233635	209.930983	209.928202	
1.653036	210.23863	210.233635	209.933197	209.928202	
1.663188	210.241482	210.233635	209.936049	209.928202	
1.673504	210.245056	210.233635	209.939624	209.928202	
1.683507	210.249048	210.242362	209.943615	209.928202	
1.693638	210.253743	210.242362	209.94831	209.936929	
1.703775	210.259059	210.251088	209.953626	209.945656	
1.713959	210.265022	210.259815	209.95959	209.954382	
1.724024	210.271525	210.268542	209.966093	209.963109	
1.734682	210.279107	210.277268	209.973675	209.963109	
1.744574	210.286705	210.285995	209.981272	209.980562	
1.754693	210.295102	210.294722	209.989669	209.989289	
1.764837	210.304137	210.312175	209.998704	209.998016	
1.775053	210.313867	210.312175	210.008434	210.006742	
1.785137	210.324075	210.329628	210.018642	210.015469	
1.795301	210.334985	210.338355	210.029552	210.024196	
1.805436	210.346482	210.347081	210.041049	210.032922	
1.815602	210.358636	210.364535	210.053203	210.032922	
1.834833	210.38438	210.373261	210.078948	210.050375	
1.839403	210.390405	210.381988	210.084972	210.050375	
1.84956	210.404616	210.399441	210.099183	210.059102	
1.8597	210.419421	210.416895	210.113988	210.067829	
1.869821	210.434809	210.425621	210.129376	210.076555	
1.880032	210.450967	210.434348	210.145535	210.085282	
1.890173	210.467623	210.451801	210.162191	210.102735	
1.900364	210.484993	210.469254	210.17956	210.120189	
1.910461	210.502809	210.477981	210.197377	210.137642	
1.920607	210.521328	210.495434	210.215895	210.146369	
1.930772	210.540507	210.504161	210.235075	210.172549	
1.94098	210.560389	210.521614	210.254956	210.190002	
1.951099	210.580706	210.539068	210.275274	210.207455	
1.961263	210.601744	210.556521	210.296311	210.242362	
1.9714	210.623334	210.573974	210.317902	210.268542	
1.981579	210.645642	210.591428	210.340209	210.294722	
1.991739	210.668529	210.617607	210.363097	210.320902	
2.00186	210.69193	210.643787	210.386498	210.347081	
2.011986	210.715968	210.669967	210.410535	210.381988	
2.022146	210.740707	210.696147	210.435274	210.416895	
2.032323	210.766099	210.731054	210.460666	210.443075	
2.042588	210.792363	210.76596	210.486931	210.469254	
2.052686	210.818792	210.800867	210.513359	210.504161	
2.062824	210.84594	210.835774	210.540507	210.530341	
2.072964	210.873724	210.87068	210.568291	210.556521	
2.083517	210.903533	210.905587	210.5981	210.591428	
2.093309	210.931323	210.940493	210.625891	210.617607	
2.103384	210.960764	210.984127	210.655331	210.652514	
2.113607	210.991259	211.019033	210.685827	210.678694	
2.123729	211.022071	211.05394	210.716638	210.713601	
2.13383	211.053443	211.088846	210.74801	210.739781	
2.144078	211.085894	211.13248	210.780461	210.774687	
2.154289	211.118855	211.167386	210.813422	210.800867	
2.16444	211.152236	211.193566	210.846803	210.835774	
2.174523	211.185983	211.228473	210.880551	210.87068	
2.184874	211.221311	211.263379	210.915878	210.905587	
2.194819	211.255814	211.289559	210.950381	210.940493	
2.20497	211.291655	211.324466	210.986223	210.9754	
2.215105	211.328064	211.359372	211.022631	211.010307	
2.225233	211.365062	211.394279	211.059629	211.045213	
2.235395	211.402817	211.420459	211.097384	211.08012	
2.245675	211.441655	211.455366	211.136223	211.123753	
2.255825	211.480571	211.481545	211.175138	211.15866	
2.266023	211.520335	211.516452	211.214902	211.202293	
2.276062	211.560067	211.542632	211.254635	211.237199	
2.286484	211.601983	211.577539	211.296551	211.280833	
2.296385	211.64236	211.612445	211.336928	211.315739	
2.30652	211.684319	211.647352	211.378887	211.359372	
2.316709	211.72713	211.690985	211.421698	211.394279	
2.326773	211.770029	211.725892	211.464596	211.429186	
2.336975	211.814161	211.769525	211.508729	211.472819	
2.355018	211.894562	211.848065	211.58913	211.551359	
2.359623	211.915008	211.874245	211.609576	211.568812	
2.369787	211.960941	211.917878	211.655509	211.612445	
2.379878	212.007162	211.970238	211.701729	211.656078	
2.390065	212.054467	212.022598	211.749034	211.708438	
2.40022	212.102212	212.074957	211.79678	211.752071	
2.410408	212.150756	212.127317	211.845323	211.804431	
2.420637	212.200124	212.179677	211.894691	211.848065	
2.430742	212.249488	212.232037	211.944055	211.900424	
2.442481	212.307785	212.293124	212.002353	211.952784	
2.451177	212.351264	212.345483	212.045831	212.005144	
2.461243	212.402304	212.40657	212.096871	212.057504	
2.471398	212.454375	212.45893	212.148942	212.127317	
2.481512	212.506868	212.51129	212.201436	212.179677	
2.491703	212.560419	212.572376	212.254986	212.232037	
2.509836	212.658071	212.677096	212.352639	212.336757	
2.514407	212.682603	212.694549	212.37717	212.371663	
2.524579	212.738028	212.755636	212.432595	212.43275	
2.535009	212.795536	212.816722	212.490103	212.48511	
2.554134	212.903682	212.921442	212.59825	212.598556	
2.558719	212.929507	212.938895	212.624074	212.624736	
2.569033	212.988467	212.999982	212.683034	212.685823	
2.579032	213.046192	213.052342	212.74076	212.738183	
2.589217	213.105673	213.104702	212.800241	212.799269	
2.599327	213.165268	213.165788	212.859836	212.860356	
2.609782	213.227625	213.218148	212.922192	212.912715	
2.619673	213.287134	213.270508	212.981702	212.973802	
2.629787	213.348631	213.322868	213.043199	213.034888	
2.639971	213.411197	213.383954	213.105764	213.087248	
2.6502	213.474649	213.445041	213.169217	213.148335	
2.660323	213.538037	213.497401	213.232604	213.209421	
2.67064	213.603322	213.558487	213.29789	213.270508	
2.680665	213.667317	213.6283	213.361884	213.331594	
2.69077	213.732449	213.689387	213.427017	213.383954	
2.700962	213.798801	213.7592	213.493369	213.453768	
2.71114	213.865651	213.820287	213.560218	213.514854	
2.721287	213.93292	213.8901	213.627488	213.575941	
2.731447	214.000875	213.959913	213.695443	213.645754	
2.741562	214.069162	214.038453	213.763729	213.715567	
2.751813	214.139022	214.108266	213.833589	213.78538	
2.76196	214.208753	214.186806	213.903321	213.855193	
2.772111	214.279152	214.256619	213.973719	213.925006	
2.782288	214.350345	214.335159	214.044913	214.003546	
2.792368	214.421467	214.413699	214.116035	214.082086	
2.802579	214.494158	214.492238	214.188725	214.151899	
2.812787	214.567416	214.570778	214.261983	214.230439	
2.822939	214.640903	214.640591	214.33547	214.308979	
2.833048	214.714705	214.719131	214.409272	214.396245	
2.843514	214.792341	214.797671	214.486908	214.466058	
2.853438	214.865458	214.876211	214.560025	214.553325	
2.863585	214.94136	214.954751	214.635928	214.631865	
2.873883	215.019094	215.024564	214.713662	214.710405	
2.88392	215.09541	215.103104	214.789977	214.788944	
2.894022	215.172896	215.181643	214.867463	214.867484	
2.90421	215.251573	215.260183	214.946141	214.946024	
2.914416	215.331046	215.338723	215.025614	215.024564	
2.924615	215.411096	215.408536	215.105664	215.103104	
2.934668	215.490618	215.487076	215.185185	215.181643	
2.944997	215.572988	215.565616	215.267555	215.260183	
2.955079	215.653991	215.644156	215.348559	215.338723	
2.965158	215.735531	215.722696	215.430098	215.417263	
2.975291	215.818125	215.792509	215.512693	215.495803	
2.985707	215.903745	215.879775	215.598312	215.583069	
3.003876	216.055456	215.958315	215.750024	215.722696	
3.008404	216.093148	216.063035	215.787716	215.766329	
3.01854	216.178439	216.141575	215.873007	215.853595	
3.028783	216.265263	216.237568	215.95983	215.932135	
3.038872	216.351336	216.316107	216.045904	216.019402	
3.050014	216.447333	216.412101	216.1419	216.106668	
3.059338	216.527948	216.508094	216.222516	216.185208	
3.069418	216.615818	216.59536	216.310385	216.272474	
3.079563	216.704855	216.691353	216.399423	216.359741	
3.090081	216.797905	216.77862	216.492473	216.455734	
3.09986	216.88491	216.874613	216.579477	216.534274	
3.110028	216.976053	216.970606	216.670621	216.630267	
3.120178	217.067608	217.057872	216.762175	216.717533	
3.130337	217.159899	217.153866	216.854467	216.813526	
3.140497	217.25281	217.249859	216.947378	216.909519	
3.151513	217.354389	217.337125	217.048956	217.005513	
3.162499	217.456294	217.450572	217.150861	217.118959	
3.180531	217.625941	217.616378	217.320508	217.293492	
3.185037	217.668256	217.660011	217.362823	217.337125	
3.195297	217.765496	217.756004	217.460064	217.441845	
3.20537	217.859643	217.851997	217.554211	217.537838	
3.215507	217.95383	217.94799	217.648397	217.642558	
3.233525	218.118923	218.043983	217.813491	217.825817	
3.238038	218.160291	218.166156	217.854859	217.869451	
3.248214	218.252889	218.26215	217.947456	217.97417	
3.266549	218.417291	218.436683	218.111858	218.148703	
3.271126	218.45828	218.480316	218.152847	218.201063	
3.281275	218.548621	218.585036	218.243189	218.297056	
3.291454	218.638602	218.681029	218.33317	218.393049	
3.301611	218.727783	218.777022	218.42235	218.480316	
3.311755	218.816201	218.864288	218.510768	218.576309	
3.321929	218.904297	218.960281	218.598865	218.663575	
3.332082	218.991563	219.047548	218.686131	218.759568	
3.342174	219.0777	219.143541	218.772268	218.838108	
3.35234	219.163901	219.230807	218.858468	218.925375	
3.373368	219.338867	219.40534	219.033434	219.091181	
3.377944	219.376973	219.440247	219.07154	219.126088	
3.388099	219.460883	219.518787	219.15545	219.204627	
3.398224	219.543927	219.597326	219.238495	219.283167	
3.408417	219.626925	219.675866	219.321492	219.35298	
3.41857	219.708992	219.754406	219.40356	219.43152	
3.428796	219.790976	219.824219	219.485544	219.501333	
3.43892	219.871568	219.902759	219.566135	219.579873	
3.44905	219.951603	219.972572	219.64617	219.649686	
3.459294	220.031911	220.042385	219.726478	219.7195	
3.46971	220.112939	220.120925	219.807506	219.789313	
3.479821	220.19095	220.190738	219.885517	219.867853	
3.490019	220.269003	220.260552	219.96357	219.937666	
3.50014	220.34589	220.330365	220.040457	220.016206	
3.510289	220.422383	220.400178	220.116951	220.086019	
3.520473	220.498508	220.478718	220.193075	220.164558	
3.53063	220.573803	220.548531	220.26837	220.243098	
3.540868	220.64908	220.627071	220.343647	220.321638	
3.550985	220.72287	220.705611	220.417437	220.400178	
3.561108	220.796094	220.78415	220.490661	220.478718	
3.571391	220.869871	220.853964	220.564438	220.557258	
3.581468	220.941537	220.932503	220.636104	220.644524	
3.591641	221.013268	221.011043	220.707835	220.714337	
3.601793	221.08424	221.09831	220.778807	220.801604	
3.611888	221.154209	221.168123	220.848776	220.880143	
3.622093	221.224346	221.246663	220.918914	220.949957	
3.632215	221.293273	221.325202	220.987841	221.028496	
3.642383	221.361898	221.403742	221.056466	221.09831	
3.652539	221.429857	221.473555	221.124425	221.168123	
3.662646	221.496863	221.552095	221.191431	221.237936	
3.672917	221.564384	221.621908	221.258952	221.307749	
3.683042	221.630258	221.691722	221.324825	221.377562	
3.693221	221.695899	221.752808	221.390466	221.447375	
3.703348	221.760585	221.813895	221.455153	221.508462	
3.713606	221.825531	221.874981	221.520098	221.569549	
3.723681	221.888659	221.936068	221.583226	221.630635	
3.733825	221.951608	221.997154	221.646176	221.691722	
3.744002	222.01419	222.058241	221.708758	221.752808	
3.754164	222.076062	222.110601	221.77063	221.805168	
3.764768	222.139938	222.16296	221.834506	221.866255	
3.774536	222.198232	222.21532	221.8928	221.918614	
3.784598	222.257643	222.26768	221.95221	221.970974	
3.794756	222.317036	222.32004	222.011604	222.032061	
3.804901	222.375739	222.3724	222.070306	222.075694	
3.815072	222.434007	222.42476	222.128575	222.136781	
3.82522	222.491512	222.47712	222.18608	222.18914	
3.835418	222.548689	222.52948	222.243257	222.2415	
3.845497	222.604591	222.58184	222.299158	222.29386	
3.863614	222.702743	222.634199	222.397311	222.381127	
3.869586	222.735091	222.704013	222.429658	222.407307	
3.878374	222.782131	222.765099	222.476698	222.459666	
3.888505	222.835739	222.817459	222.530306	222.512026	
3.898709	222.889142	222.878545	222.583709	222.564386	
3.908866	222.941646	222.939632	222.636213	222.625473	
3.919044	222.993691	222.991992	222.688259	222.677833	
3.929204	223.045026	223.053078	222.739594	222.730192	
3.939437	223.0961	223.114165	222.790668	222.782552	
3.949515	223.145816	223.166525	222.840383	222.843639	
3.959635	223.195129	223.227611	222.889696	222.895999	
3.971076	223.250095	223.279971	222.944662	222.948359	
3.980042	223.292699	223.332331	222.987266	223.000719	
3.990556	223.343368	223.384691	223.037935	223.053078	
4.000312	223.387211	223.428324	223.081779	223.105438	
4.010422	223.433451	223.471957	223.128019	223.157798	
4.020608	223.47943	223.524317	223.173997	223.210158	
4.030766	223.524685	223.567951	223.219252	223.253791	
4.041003	223.569664	223.611584	223.264231	223.297425	
4.051087	223.613339	223.663944	223.307907	223.349784	
4.061188	223.656527	223.69885	223.351094	223.402144	
4.072581	223.704465	223.742483	223.399033	223.437051	
4.081586	223.741888	223.786117	223.436456	223.480684	
4.091731	223.783435	223.821023	223.478002	223.524317	
4.10184	223.824236	223.85593	223.518803	223.567951	
4.111979	223.864566	223.890836	223.559133	223.602857	
4.122215	223.904657	223.925743	223.599224	223.64649	
4.132345	223.943745	223.96065	223.638313	223.681397	
4.142486	223.982244	223.995556	223.676811	223.716304	
4.152624	224.020145	224.030463	223.714712	223.75121	
4.162746	224.057391	224.065369	223.751958	223.77739	
4.174134	224.098527	224.100276	223.793094	223.812297	
4.183184	224.130764	224.135183	223.825332	223.838477	
4.193284	224.166117	224.170089	223.860684	223.873383	
4.203492	224.201243	224.204996	223.895811	223.899563	
4.213594	224.235413	224.239902	223.92998	223.925743	
4.223702	224.269026	224.274809	223.963593	223.96065	
4.233921	224.302371	224.309715	223.996938	223.98683	
4.244066	224.334886	224.344622	224.029454	224.013009	
4.254178	224.366711	224.370802	224.061279	224.039189	
4.26433	224.398031	224.405709	224.092599	224.065369	
4.275631	224.432172	224.440615	224.12674	224.100276	
4.284721	224.459169	224.475522	224.153736	224.135183	
4.294791	224.488467	224.501702	224.183034	224.170089	
4.30494	224.517421	224.536608	224.211989	224.196269	
4.315076	224.545727	224.562788	224.240294	224.231176	
4.325232	224.573499	224.597695	224.268066	224.266082	
4.33539	224.600661	224.623875	224.295229	224.292262	
4.345532	224.627203	224.658781	224.32177	224.327169	
4.35578	224.653416	224.684961	224.347983	224.362075	
4.365843	224.678564	224.711141	224.373132	224.388255	
4.377152	224.706079	224.737321	224.400647	224.414435	
4.386251	224.727768	224.763501	224.422336	224.449342	
4.396324	224.751185	224.789681	224.445753	224.475522	
4.406468	224.774162	224.815861	224.46873	224.501702	
4.416577	224.796489	224.842041	224.491056	224.519155	
4.426773	224.818412	224.868221	224.512979	224.554062	
4.436966	224.83973	224.885674	224.534298	224.571515	
4.447133	224.860404	224.894401	224.554971	224.588968	
4.457276	224.880444	224.903127	224.575011	224.606421	
4.467481	224.90002	224.911854	224.594587	224.623875	
4.478646	224.920705	224.920581	224.615272	224.641328	
4.487945	224.937472	224.938034	224.63204	224.658781	
4.49808	224.955149	224.946761	224.649716	224.676235	
4.508223	224.972266	224.955487	224.666833	224.684961	
4.51834	224.98876	224.972941	224.683328	224.693688	
4.528545	225.00481	224.981667	224.699377	224.711141	
4.538693	225.020202	224.990394	224.71477	224.719868	
4.548944	225.035155	225.007847	224.729723	224.728594	
4.55907	225.049362	225.007847	224.743929	224.737321	
4.569198	225.062998	225.0253	224.757565	224.746048	
4.580129	225.077044	225.034027	224.771611	224.754774	
4.589587	225.088728	225.042754	224.783295	224.763501	
4.599679	225.10062	225.060207	224.795188	224.763501	
4.609901	225.112095	225.07766	224.806663	224.780954	
4.619982	225.122868	225.086387	224.817435	224.789681	
4.630173	225.13319	225.10384	224.827757	224.798408	
4.640324	225.142918	225.112567	224.837485	224.807134	
4.650532	225.152144	225.13002	224.846711	224.815861	
4.660756	225.160832	225.147474	224.855399	224.833314	
4.670812	225.168845	225.1562	224.863413	224.833314	
4.681681	225.176877	225.173653	224.871444	224.850768	
4.691243	225.183494	225.18238	224.878061	224.868221	
4.701326	225.189941	225.199833	224.884508	224.876947	
4.711471	225.19591	225.20856	224.890478	224.885674	
4.7216	225.201363	225.217287	224.89593	224.903127	
4.731796	225.206341	225.226013	224.900908	224.911854	
4.741932	225.210799	225.23474	224.905366	224.920581	
4.752079	225.214782	225.23474	224.90935	224.938034	
4.770208	225.220065	225.23474	224.914632	224.946761	
4.775022	225.221526	225.23474	224.916094	224.955487	
4.786523	225.224327	225.23474	224.918894	224.964214	
4.795071	225.226187	225.226013	224.920754	224.972941	
4.805205	225.227992	225.217287	224.92256	224.972941	
4.815339	225.233635	225.217287	224.928202	224.964214	
4.825478	225.233635	225.20856	224.928202	224.955487	
4.843676	225.233635	225.20856	224.928202	224.946761	
4.848178	225.233635	225.199833	224.928202	224.938034	
4.858379	225.233635	225.199833	224.928202	224.938034	
4.868519	225.233635	225.199833	224.928202	224.938034	
4.878819	225.233635	225.199833	224.928202	224.938034	
4.889526	225.233635	225.20856	224.928202	224.938034	
4.899566	225.233635	225.217287	224.928202	224.929307	
4.909628	225.233635	225.217287	224.928202	224.929307	
4.919788	225.233635	225.226013	224.928202	224.929307	
4.929957	225.233635	225.23474	224.928202	224.929307	
4.940114	225.233635	225.243467	224.928202	224.938034	
4.950372	225.233635	225.243467	224.928202	224.938034	
4.960412	225.233635	225.252193	224.928202	224.938034	
4.970597	225.233635	225.252193	224.928202	224.938034	
4.980729	225.233635	225.252193	224.928202	224.938034	
4.990884	225.233635	225.252193	224.928202	224.938034	
5.00105	225.233635	225.252193	224.928202	224.938034	
5.011173	225.233635	225.243467	224.928202	224.938034	
5.021293	225.233635	225.243467	224.928202	224.938034	
5.031432	225.233635	225.243467	224.928202	224.938034	
5.041616	225.233635	225.243467	224.928202	224.938034	
5.051828	225.233635	225.243467	224.928202	224.938034	
5.061927	225.233635	225.243467	224.928202	224.938034	
5.072097	225.233635	225.243467	224.928202	224.938034	
5.08265	225.233635	225.243467	224.928202	224.938034	
5.092781	225.233635	225.243467	224.928202	224.938034	
5.102941	225.233635	225.243467	224.928202	224.938034	
5.113075	225.233635	225.243467	224.928202	224.938034	
5.123342	225.233635	225.243467	224.928202	224.938034	
5.133443	225.233635	225.243467	224.928202	224.938034	
5.143574	225.233635	225.243467	224.928202	224.938034	
5.153722	225.233635	225.243467	224.928202	224.938034	
5.163828	225.233635	225.243467	224.928202	224.938034	
5.174028	225.233635	225.243467	224.928202	224.938034	
5.184183	225.233635	225.243467	224.928202	224.938034	
5.194363	225.233635	225.243467	224.928202	224.938034	
5.204515	225.233635	225.243467	224.928202	224.938034	
5.214605	225.233635	225.243467	224.928202	224.938034	
5.224747	225.233635	225.243467	224.928202	224.938034	
5.2349	225.233635	225.243467	224.928202	224.938034	
5.245099	225.233635	225.243467	224.928202	224.938034	
5.255226	225.233635	225.243467	224.928202	224.938034	
5.265376	225.233635	225.243467	224.928202	224.938034	
5.275657	225.233635	225.243467	224.928202	224.938034	
5.285765	225.233635	225.243467	224.928202	224.938034	
5.295845	225.233635	225.243467	224.928202	224.938034	
5.306024	225.233635	225.243467	224.928202	224.938034	
5.316104	225.233635	225.243467	224.928202	224.938034	
5.326481	225.233635	225.243467	224.928202	224.938034	
5.336429	225.233635	225.243467	224.928202	224.938034	
5.346578	225.233635	225.243467	224.928202	224.938034	
5.367249	225.233635	225.243467	224.928202	224.938034	
5.371795	225.233635	225.243467	224.928202	224.938034	
5.381897	225.233635	225.243467	224.928202	224.938034	
5.392109	225.233635	225.243467	224.928202	224.938034	
5.402284	225.233635	225.243467	224.928202	224.938034	
5.412409	225.233635	225.243467	224.928202	224.938034	
5.422561	225.233635	225.243467	224.928202	224.938034	
5.432716	225.233635	225.243467	224.928202	224.938034	
5.442862	225.233635	225.243467	224.928202	224.938034	
5.45309	225.233635	225.243467	224.928202	224.938034	
5.463224	225.233635	225.243467	224.928202	224.938034	
5.473363	225.233635	225.243467	224.928202	224.938034	
5.483586	225.233635	225.243467	224.928202	224.938034	
5.493716	225.233635	225.243467	224.928202	224.938034	
5.503796	225.233635	225.243467	224.928202	224.938034	
5.514029	225.233635	225.243467	224.928202	224.938034	
5.524135	225.233635	225.243467	224.928202	224.938034	
5.534334	225.233635	225.243467	224.928202	224.938034	
5.544433	225.233635	225.243467	224.928202	224.938034	
5.554584	225.233635	225.243467	224.928202	224.938034	
5.564842	225.233635	225.243467	224.928202	224.938034	
5.574937	225.233635	225.243467	224.928202	224.938034	
5.585123	225.233635	225.243467	224.928202	224.938034	
5.595418	225.233635	225.243467	224.928202	224.938034	
5.605397	225.233635	225.243467	224.928202	224.938034	
5.615514	225.233635	225.243467	224.928202	224.938034	
5.634191	225.233635	225.243467	224.928202	224.938034	
5.638757	225.233635	225.243467	224.928202	224.938034	
5.648937	225.233635	225.243467	224.928202	224.938034	
5.659073	225.233635	225.243467	224.928202	224.938034	
5.669227	225.233635	225.243467	224.928202	224.938034	
5.679378	225.233635	225.243467	224.928202	224.938034	
5.689534	225.233635	225.243467	224.928202	224.938034	
5.699884	225.233635	225.243467	224.928202	224.938034	
5.709854	225.233635	225.243467	224.928202	224.938034	
5.720025	225.233635	225.243467	224.928202	224.938034	
5.730197	225.233635	225.243467	224.928202	224.938034	
5.74034	225.233635	225.243467	224.928202	224.938034	
5.750484	225.233635	225.243467	224.928202	224.938034	
5.76064	225.233635	225.243467	224.928202	224.938034	
5.77085	225.233635	225.243467	224.928202	224.938034	
5.781075	225.233635	225.243467	224.928202	224.938034	
5.791189	225.233635	225.243467	224.928202	224.938034	
5.801346	225.233635	225.243467	224.928202	224.938034	
5.811614	225.233635	225.243467	224.928202	224.938034	
5.82168	225.233635	225.243467	224.928202	224.938034	
5.831785	225.233635	225.243467	224.928202	224.938034	
5.84198	225.233635	225.243467	224.928202	224.938034	
5.852107	225.233635	225.243467	224.928202	224.938034	
5.862298	225.233635	225.243467	224.928202	224.938034	
5.872401	225.233635	225.243467	224.928202	224.938034	
5.882594	225.233635	225.243467	224.928202	224.938034	
5.892739	225.233635	225.243467	224.928202	224.938034	
5.90291	225.233635	225.243467	224.928202	224.938034	
5.913164	225.233635	225.243467	224.928202	224.938034	
5.923236	225.233635	225.243467	224.928202	224.938034	
5.933384	225.233635	225.243467	224.928202	224.938034	
5.943518	225.233635	225.243467	224.928202	224.938034	
5.953633	225.233635	225.243467	224.928202	224.938034	
5.963841	225.233635	225.243467	224.928202	224.938034	
5.97412	225.233635	225.243467	224.928202	224.938034	
5.984084	225.233635	225.243467	224.928202	224.938034	
5.994322	225.233635	225.243467	224.928202	224.938034	
6.004783	225.233635	225.243467	224.928202	224.938034	
6.014702	225.233635	225.243467	224.928202	224.938034	
6.024673	225.233635	225.243467	224.928202	224.938034	
6.034875	225.233635	225.243467	224.928202	224.938034	
6.045077	225.233635	225.243467	224.928202	224.938034	
6.055154	225.233635	225.243467	224.928202	224.938034	
6.065292	225.233635	225.243467	224.928202	224.938034	
6.075482	225.233635	225.243467	224.928202	224.938034	
6.085788	225.233635	225.243467	224.928202	224.938034	
6.09579	225.233635	225.243467	224.928202	224.938034	
6.105893	225.233635	225.243467	224.928202	224.938034	
6.116056	225.233635	225.243467	224.928202	224.938034	
6.126218	225.233635	225.243467	224.928202	224.938034	
6.13636	225.233635	225.243467	224.928202	224.938034	
6.1465	225.233635	225.243467	224.928202	224.938034	
6.156618	225.233635	225.243467	224.928202	224.938034	
6.166818	225.233635	225.243467	224.928202	224.938034	
6.176982	225.233635	225.243467	224.928202	224.938034	
6.187162	225.233635	225.243467	224.928202	224.938034	
6.197266	225.233635	225.243467	224.928202	224.938034	
6.207393	225.233635	225.243467	224.928202	224.938034	
6.217731	225.233635	225.243467	224.928202	224.938034	
6.227934	225.233635	225.243467	224.928202	224.938034	
6.247552	225.233635	225.243467	224.928202	224.938034	
6.258586	225.233635	225.243467	224.928202	224.938034	
