0.4648146	
0.4696545	
0.4796374	
0.4988442	
0.5032102	
0.513305	
0.5234269	
0.5336448	
0.5437947	
0.5539326	
0.5640894	
0.5742773	
0.5843952	
0.5944981	
0.604779	
0.6148619	
0.6249927	
0.6351416	
0.6452945	
0.6554834	
0.6655943	
0.6757331	
0.685898	
0.6959749	
0.7061528	
0.7162957	
0.7264406	
0.7365774	
0.7466893	
0.7569272	
0.7669981	
0.777112	
0.7872699	
0.7974127	
0.8076286	
0.8177105	
0.8278404	
0.8383833	
0.8481131	
0.858319	
0.8684159	
0.8785938	
0.8886857	
0.8989856	
0.9089814	
0.9191403	
0.9292772	
0.9394081	
0.949569	
0.9597908	
0.9698677	
0.9799946	
0.9903485	
1.000461	
1.010605	
1.021004	
1.030933	
1.041076	
1.051228	
1.061385	
1.071574	
1.081693	
1.091811	
1.101991	
1.112128	
1.122283	
1.132456	
1.142611	
1.152708	
1.172857	
1.177199	
1.187327	
1.197475	
1.207666	
1.217747	
1.227888	
1.238098	
1.248247	
1.258364	
1.268456	
1.278907	
1.288718	
1.298855	
1.309104	
1.31912	
1.329263	
1.33942	
1.349729	
1.359878	
1.369986	
1.380293	
1.390513	
1.400781	
1.410754	
1.420897	
1.431046	
1.450425	
1.454785	
1.464955	
1.475072	
1.485252	
1.496159	
1.506401	
1.516376	
1.526768	
1.536699	
1.546906	
1.55711	
1.567122	
1.577275	
1.587391	
1.597577	
1.607804	
1.617907	
1.628048	
1.638313	
1.648409	
1.658484	
1.66861	
1.678731	
1.690386	
1.699039	
1.709177	
1.71932	
1.729407	
1.739606	
1.749805	
1.759928	
1.770075	
1.780228	
1.790384	
1.80054	
1.810684	
1.820902	
1.830993	
1.841095	
1.851282	
1.861449	
1.871615	
1.881773	
1.891887	
1.902334	
1.912168	
1.922357	
1.932506	
1.942681	
1.952811	
1.962951	
1.973175	
1.983285	
1.993421	
2.003562	
2.01372	
2.023906	
2.034009	
2.044162	
2.054378	
2.064477	
2.074603	
2.084732	
2.094876	
2.104996	
2.115196	
2.125409	
2.135502	
2.145717	
2.155937	
2.165983	
2.176116	
2.186629	
2.19644	
2.206619	
2.216661	
2.227265	
2.237023	
2.247113	
2.257256	
2.267363	
2.2776	
2.287753	
2.297823	
2.307935	
2.318123	
2.328281	
2.338382	
2.348572	
2.358698	
2.368807	
2.379023	
2.389137	
2.402288	429.75398	429.752422	428.27045	428.268892	
2.409423	429.755	429.752422	428.27147	428.268892	
2.419515	429.757144	429.752422	428.273614	428.268892	
2.437988	429.763584	429.761148	428.280054	428.277619	
2.443793	429.765589	429.761148	428.282059	428.277619	
2.452682	429.769215	429.769875	428.285685	428.277619	
2.462841	429.774016	429.778602	428.290486	428.277619	
2.472945	429.779403	429.787328	428.295873	428.277619	
2.48326	429.785548	429.796055	428.302019	428.277619	
2.493986	429.792645	429.804782	428.309115	428.277619	
2.513055	429.807916	429.822235	428.324386	428.277619	
2.517595	429.81147	429.822235	428.32794	428.277619	
2.535631	429.8283	429.848415	428.34477	428.277619	
2.540198	429.832504	429.848415	428.348974	428.277619	
2.55045	429.842741	429.857141	428.359211	428.277619	
2.560523	429.853401	429.874595	428.369871	428.277619	
2.570681	429.864774	429.883321	428.381244	428.277619	
2.580884	429.876826	429.892048	428.393296	428.277619	
2.590996	429.889378	429.900775	428.405848	428.277619	
2.602417	429.904393	429.909501	428.420863	428.277619	
2.6114	429.916612	429.926955	428.433082	428.277619	
2.621513	429.931011	429.926955	428.447482	428.277619	
2.631707	429.946167	429.944408	428.462637	428.277619	
2.641772	429.96172	429.953135	428.47819	428.277619	
2.65197	429.978122	429.961861	428.494592	428.277619	
2.662133	429.995072	429.970588	428.511542	428.277619	
2.672273	430.012602	429.979315	428.529073	428.277619	
2.682423	430.030778	429.988041	428.547248	428.277619	
2.692565	430.049553	429.996768	428.566023	428.277619	
2.703894	430.071345	430.005494	428.587815	428.286345	
2.712954	430.089194	430.022948	428.605664	428.286345	
2.723057	430.109723	430.031674	428.626193	428.286345	
2.733216	430.131016	430.040401	428.647487	428.295072	
2.743345	430.152853	430.049128	428.669323	428.303798	
2.753529	430.175423	430.057854	428.691894	428.312525	
2.763662	430.198495	430.066581	428.714965	428.321252	
2.773827	430.222264	430.084034	428.738734	428.338705	
2.784011	430.246706	430.092761	428.763176	428.356158	
2.794131	430.271612	430.101488	428.788082	428.373612	
2.805444	430.30027	430.110214	428.81674	428.391065	
2.814571	430.323807	430.127668	428.840277	428.408518	
2.824617	430.350358	430.136394	428.866829	428.434698	
2.834771	430.377806	430.153847	428.894277	428.452151	
2.844934	430.40591	430.171301	428.92238	428.478331	
2.855081	430.434586	430.188754	428.951056	428.513238	
2.865205	430.463803	430.206207	428.980273	428.539418	
2.875355	430.493731	430.223661	429.010201	428.565598	
2.885564	430.524458	430.241114	429.040928	428.591778	
2.896013	430.556956	430.267294	429.073427	428.617958	
2.907003	430.591109	430.293474	429.107579	428.652864	
2.916259	430.620624	430.319654	429.137095	428.687771	
2.928064	430.659215	430.345834	429.175685	428.722677	
2.936261	430.686305	430.38074	429.202775	428.757584	
2.946407	430.720531	430.40692	429.237002	428.792491	
2.95655	430.755382	430.441827	429.271852	428.827397	
2.966847	430.791385	430.476733	429.307855	428.853577	
2.976901	430.827144	430.51164	429.343615	428.888484	
2.987076	430.863959	430.546547	429.380429	428.92339	
2.997199	430.901199	430.581453	429.417669	428.967024	
3.008492	430.943586	430.625086	429.460056	428.993203	
3.017553	430.97797	430.659993	429.49444	429.036837	
3.027636	431.016887	430.703626	429.533357	429.071743	
3.037805	431.056767	430.747259	429.573237	429.10665	
3.047976	431.097284	430.790893	429.613754	429.141556	
3.058106	431.138268	430.834526	429.654738	429.18519	
3.06832	431.180199	430.878159	429.696669	429.228823	
3.078501	431.222625	430.921792	429.739095	429.26373	
3.088539	431.265038	430.974152	429.781508	429.307363	
3.098739	431.308782	431.009059	429.825252	429.350996	
3.110093	431.358314	431.061419	429.874784	429.385903	
3.119047	431.397732	431.105052	429.914202	429.438262	
3.129157	431.442942	431.148685	429.959412	429.481896	
3.139288	431.488835	431.201045	430.005305	429.525529	
3.149404	431.535301	431.253405	430.051771	429.577889	
3.173348	431.649693	431.297038	430.166163	429.682609	
3.177913	431.671356	431.393031	430.187826	429.708788	
3.188042	431.720201	431.436664	430.236672	429.761148	
3.198221	431.769926	431.489024	430.286396	429.804782	
3.208778	431.822193	431.532658	430.338663	429.857141	
3.218892	431.872863	431.593744	430.389333	429.909501	
3.228662	431.922378	431.637377	430.438848	429.961861	
3.238852	431.97461	431.689737	430.49108	430.014221	
3.248924	432.026899	431.742097	430.543369	430.066581	
3.25914	432.080519	431.794457	430.596989	430.118941	
3.269226	432.134073	431.846817	430.650543	430.171301	
3.279394	432.188701	431.899177	430.705171	430.223661	
3.289533	432.243779	431.951537	430.760249	430.27602	
3.29969	432.299562	432.012623	430.816032	430.32838	
3.310339	432.35879	432.07371	430.87526	430.389467	
3.320441	432.41555	432.12607	430.93202	430.441827	
3.33052	432.472761	432.178429	430.989231	430.502913	
3.340647	432.530878	432.230789	431.047348	430.555273	
3.350818	432.589881	432.291876	431.106352	430.607633	
3.360964	432.649345	432.352962	431.165815	430.659993	
3.371112	432.709438	432.405322	431.225908	430.712353	
3.381299	432.770416	432.466409	431.286887	430.773439	
3.391451	432.831772	432.527495	431.348243	430.825799	
3.401668	432.894193	432.588582	431.410663	430.886886	
3.411732	432.956214	432.649668	431.472684	430.939246	
3.422056	433.020561	432.710755	431.537031	431.000332	
3.432117	433.083775	432.771841	431.600245	431.061419	
3.442375	433.150855	432.832928	431.667325	431.113779	
3.45241	433.213232	432.894014	431.729702	431.174865	
3.462626	433.279352	432.963828	431.795822	431.235952	
3.472714	433.345231	433.024914	431.861701	431.305765	
3.482868	433.412167	433.086001	431.928638	431.366851	
3.493718	433.48451	433.147087	432.00098	431.427938	
3.503144	433.547719	433.2169	432.064189	431.489024	
3.513282	433.6164	433.277987	432.13287	431.558837	
3.523523	433.686473	433.3478	432.202944	431.619924	
3.533642	433.756233	433.417613	432.272704	431.689737	
3.543826	433.827101	433.487426	432.343571	431.75955	
3.553899	433.897773	433.557239	432.414243	431.829364	
3.5641	433.970006	433.618326	432.486477	431.89045	
3.574282	434.042727	433.696866	432.559198	431.960263	
3.584401	434.115596	433.766679	432.632067	432.030076	
3.594519	434.18908	433.836492	432.70555	432.09989	
3.604678	434.263496	433.906305	432.779966	432.169703	
3.614899	434.338973	433.976119	432.855443	432.239516	
3.625156	434.415378	434.045932	432.931848	432.309329	
3.63521	434.490834	434.115745	433.007305	432.387869	
3.645384	434.567808	434.185558	433.084278	432.457682	
3.655492	434.644924	434.264098	433.161394	432.527495	
3.665603	434.722684	434.333911	433.239154	432.597308	
3.675804	434.801725	434.412451	433.318195	432.675848	
3.685966	434.881136	434.490991	433.397606	432.754388	
3.696125	434.961088	434.56953	433.477558	432.824201	
3.706244	435.041346	434.639344	433.557816	432.902741	
3.716333	435.12204	434.709157	433.63851	432.981281	
3.726925	435.20742	434.796423	433.72389	433.051094	
3.737023	435.289359	434.866236	433.805829	433.13836	
3.746915	435.370223	434.953503	433.886693	433.2169	
3.757029	435.453547	435.023316	433.970017	433.29544	
3.767358	435.539323	435.110583	434.055793	433.382707	
3.777295	435.622333	435.189122	434.138804	433.461246	
3.787429	435.707655	435.267662	434.224125	433.539786	
3.797578	435.793729	435.354929	434.310199	433.627053	
3.807717	435.880327	435.433468	434.396797	433.714319	
3.817859	435.96761	435.520735	434.48408	433.792859	
3.828115	436.056527	435.599275	434.572997	433.880125	
3.838247	436.144921	435.686541	434.661391	433.958665	
3.848389	436.233975	435.773808	434.750445	434.054658	
3.858464	436.323074	435.861074	434.839544	434.133198	
3.868922	436.4163	435.948341	434.93277	434.229191	
3.878797	436.504819	436.035607	435.021289	434.307731	
3.888918	436.596192	436.122873	435.112663	434.394998	
3.89904	436.688217	436.21014	435.204688	434.482264	
3.909211	436.781301	436.306133	435.297771	434.578257	
3.919347	436.87468	436.384673	435.39115	434.665524	
3.929572	436.969536	436.480666	435.486007	434.761517	
3.93972	437.064201	436.576659	435.580671	434.848783	
3.949886	437.159739	436.663926	435.676209	434.93605	
3.960052	437.25583	436.759919	435.7723	435.032043	
3.970321	437.351683	436.855912	435.868153	435.128036	
3.980483	437.445938	436.943178	435.962408	435.215302	
3.990682	437.539891	437.047898	436.056361	435.311295	
4.000785	437.632358	437.143891	436.148828	435.407288	
4.010912	437.724473	437.231158	436.240943	435.494555	
4.021103	437.816535	437.327151	436.333005	435.590548	
4.031334	437.908399	437.423144	436.424869	435.686541	
4.04143	437.998328	437.519137	436.514798	435.773808	
4.051612	438.088469	437.61513	436.604939	435.878527	
4.061712	438.177282	437.711123	436.693753	435.965794	
4.071953	438.26672	437.807116	436.78319	436.061787	
4.082055	438.354317	437.903109	436.870787	436.15778	
4.092173	438.441473	437.999102	436.957943	436.253773	
4.102363	438.528632	438.095096	437.045102	436.349766	
4.112454	438.614319	438.191089	437.13079	436.437033	
4.122641	438.700256	438.287082	437.216726	436.541753	
4.132882	438.786041	438.383075	437.302511	436.629019	
4.143018	438.870243	438.479068	437.386714	436.725012	
4.153161	438.953953	438.566334	437.470423	436.821005	
4.163251	439.036584	438.662328	437.553054	436.916998	
4.173481	439.11978	438.758321	437.63625	437.012991	
4.183604	439.201494	438.845587	437.717965	437.100258	
4.193757	439.282833	438.932854	437.799303	437.196251	
4.203899	439.363767	439.028847	437.880237	437.283517	
4.214046	439.443589	439.116113	437.960059	437.379511	
4.224233	439.523348	439.212106	438.039818	437.466777	
4.234476	439.602993	439.299373	438.119464	437.554043	
4.244562	439.680746	439.386639	438.197216	437.64131	
4.254765	439.758805	439.473906	438.275275	437.728576	
4.264894	439.835716	439.561172	438.352186	437.815843	
4.274991	439.911761	439.648439	438.428231	437.903109	
4.285253	439.988429	439.735705	438.504899	437.990376	
4.295347	440.063238	439.814245	438.579708	438.077642	
4.305548	440.138237	439.901511	438.654707	438.156182	
4.315744	440.212579	439.980051	438.729049	438.243449	
4.326078	440.287791	440.067318	438.804261	438.321988	
4.3361	440.359207	440.145857	438.875677	438.409255	
4.346146	440.430607	440.224397	438.947077	438.487795	
4.356311	440.502304	440.29421	439.018774	438.566334	
4.366573	440.574046	440.37275	439.090516	438.636148	
4.376584	440.64347	440.45129	439.15994	438.714687	
4.386761	440.714609	440.52983	439.231079	438.793227	
4.396942	440.78275	440.599643	439.29922	438.86304	
4.407164	440.851747	440.669456	439.368217	438.94158	
4.417272	440.919382	440.747996	439.435852	439.011393	
4.427578	440.987762	440.817809	439.504232	439.081207	
4.437639	441.053909	440.887622	439.570379	439.159746	
4.449052	441.128116	440.957436	439.644586	439.22956	
4.457889	441.185118	441.027249	439.701588	439.299373	
4.468046	441.250287	441.097062	439.766757	439.369186	
4.48653	441.365789	441.166875	439.882259	439.491359	
4.491081	441.39433	441.245415	439.9108	439.526266	
4.501278	441.457537	441.315228	439.974008	439.596079	
4.511338	441.51928	441.376315	440.03575	439.657165	
4.521469	441.580865	441.446128	440.097335	439.726978	
4.532577	441.647672	441.507214	440.164142	439.788065	
4.541858	441.70297	441.577027	440.219441	439.857878	
4.552053	441.763097	441.638114	440.279567	439.918965	
4.562133	441.821945	441.6992	440.338416	439.980051	
4.572321	441.880869	441.760287	440.397339	440.049864	
4.582483	441.938973	441.821373	440.455443	440.102224	
4.592538	441.995875	441.88246	440.512345	440.172037	
4.602727	442.05296	441.93482	440.569431	440.224397	
4.612889	442.109273	442.004633	440.625743	440.285484	
4.623015	442.16479	442.056993	440.68126	440.34657	
4.634173	442.225221	442.118079	440.741691	440.407657	
4.643383	442.274614	442.179166	440.791084	440.460017	
4.653543	442.32848	442.231526	440.84495	440.521103	
4.663678	442.381623	442.283886	440.898093	440.573463	
4.673854	442.434403	442.344972	440.950873	440.625823	
4.68403	442.486514	442.397332	441.002985	440.686909	
4.69414	442.537731	442.458419	441.054202	440.739269	
4.704312	442.58863	442.510779	441.1051	440.791629	
4.714463	442.638849	442.563138	441.155319	440.843989	
4.724579	442.688273	442.615498	441.204743	440.896349	
4.735781	442.743536	442.667858	441.260006	440.939982	
4.744945	442.785951	442.720218	441.302421	440.992342	
4.755089	442.833728	442.763851	441.350198	441.044702	
4.765306	442.881204	442.816211	441.397674	441.088335	
4.775329	442.927201	442.859844	441.443671	441.140695	
4.785537	442.97345	442.912204	441.489921	441.184328	
4.795661	443.01892	442.964564	441.53539	441.236688	
4.805829	443.063565	443.008197	441.580036	441.289048	
4.816026	443.107945	443.051831	441.624415	441.332681	
4.826186	443.151567	443.095464	441.668037	441.385041	
4.83746	443.1992	443.139097	441.71567	441.428674	
4.846415	443.236595	443.18273	441.753065	441.472308	
4.856586	443.278443	443.226364	441.794914	441.515941	
4.866739	443.319634	443.269997	441.836104	441.559574	
4.87731	443.36186	443.31363	441.87833	441.603207	
4.887101	443.400416	443.357263	441.916886	441.638114	
4.897135	443.439336	443.400896	441.955807	441.681747	
4.907481	443.478854	443.435803	441.995324	441.72538	
4.917632	443.517011	443.479436	442.033481	441.769014	
4.927778	443.55457	443.52307	442.07104	441.80392	
4.939071	443.595599	443.557976	442.112069	441.847553	
4.948115	443.628134	443.601609	442.144605	441.88246	
4.95829	443.663868	443.636516	442.180338	441.917367	
4.968394	443.698894	443.680149	442.215364	441.952273	
4.978539	443.733448	443.715056	442.249918	441.98718	
4.988886	443.768087	443.749962	442.284557	442.022086	
4.998834	443.800796	443.784869	442.317266	442.06572	
5.008938	443.833431	443.828502	442.349901	442.100626	
5.019304	443.866305	443.863409	442.382775	442.135533	
5.029231	443.897209	443.898315	442.413679	442.161713	
5.040655	443.931999	443.933222	442.448469	442.196619	
5.049548	443.958662	443.968128	442.475132	442.231526	
5.059762	443.988676	444.003035	442.505146	442.266432	
5.069901	444.017857	444.029215	442.534327	442.301339	
5.080098	444.046611	444.064122	442.563081	442.336246	
5.09025	444.074644	444.099028	442.591114	442.362426	
5.100424	444.102151	444.133935	442.618621	442.397332	
5.110658	444.129222	444.168841	442.645692	442.423512	
5.120716	444.155235	444.203748	442.671705	442.458419	
5.130848	444.180859	444.238655	442.697329	442.484599	
5.142319	444.20909	444.273561	442.72556	442.510779	
5.151205	444.230551	444.299741	442.747021	442.545685	
5.171622	444.276828	444.360828	442.793298	442.598045	
5.619383	444.752422	445.137499	443.268892	443.252543	
5.629566	444.752422	445.137499	443.268892	443.252543	
5.6397	444.752422	445.137499	443.268892	443.26127	
5.651738	444.752422	445.128772	443.268892	443.26127	
5.660381	444.752422	445.128772	443.268892	443.26127	
5.670551	444.752422	445.111319	443.268892	443.26127	
5.680688	444.752422	445.102592	443.268892	443.26127	
5.690822	444.752422	445.093866	443.268892	443.26127	
5.701012	444.752422	445.076413	443.268892	443.26127	
5.711166	444.752422	445.058959	443.268892	443.26127	
5.72133	444.752422	445.041506	443.268892	443.252543	
5.731474	444.752422	445.024053	443.268892	443.252543	
5.741626	444.752422	445.006599	443.268892	443.252543	
5.753331	444.752422	444.980419	443.268892	443.252543	
5.76193	444.752422	444.962966	443.268892	443.252543	
5.772064	444.752422	444.936786	443.268892	443.252543	
5.782248	444.752422	444.92806	443.268892	443.252543	
5.792374	444.752422	444.90188	443.268892	443.252543	
5.80256	444.752422	444.893153	443.268892	443.252543	
5.812699	444.752422	444.866973	443.268892	443.252543	
5.822919	444.752422	444.858246	443.268892	443.252543	
5.833037	444.752422	444.840793	443.268892	443.252543	
5.84353	444.752422	444.832066	443.268892	443.252543	
5.854655	444.752422	444.814613	443.268892	443.252543	
5.863868	444.752422	444.805887	443.268892	443.252543	
5.874015	444.752422	444.79716	443.268892	443.252543	
5.884233	444.752422	444.779707	443.268892	443.252543	
5.894312	444.752422	444.77098	443.268892	443.252543	
5.90467	444.752422	444.762253	443.268892	443.252543	
5.914656	444.752422	444.753527	443.268892	443.252543	
5.9248	444.752422	444.7448	443.268892	443.252543	
5.935026	444.752422	444.736073	443.268892	443.252543	
5.945077	444.752422	444.736073	443.268892	443.252543	
5.956659	444.752422	444.736073	443.268892	443.252543	
5.965465	444.752422	444.7448	443.268892	443.252543	
5.975559	444.752422	444.7448	443.268892	443.252543	
5.985731	444.752422	444.7448	443.268892	443.252543	
5.995929	444.752422	444.7448	443.268892	443.252543	
6.006034	444.752422	444.7448	443.268892	443.252543	
6.016249	444.752422	444.753527	443.268892	443.252543	
6.026308	444.752422	444.753527	443.268892	443.252543	
6.036487	444.752422	444.753527	443.268892	443.252543	
6.046585	444.752422	444.753527	443.268892	443.252543	
6.056781	444.752422	444.753527	443.268892	443.252543	
6.066925	444.752422	444.753527	443.268892	443.252543	
6.07707	444.752422	444.753527	443.268892	443.252543	
6.087192	444.752422	444.753527	443.268892	443.252543	
6.097331	444.752422	444.753527	443.268892	443.252543	
6.107489	444.752422	444.753527	443.268892	443.252543	
6.117671	444.752422	444.753527	443.268892	443.252543	
6.127793	444.752422	444.753527	443.268892	443.252543	
6.137955	444.752422	444.753527	443.268892	443.252543	
6.148075	444.752422	444.753527	443.268892	443.252543	
6.166087	444.752422	444.753527	443.268892	443.252543	
6.170615	444.752422	444.753527	443.268892	443.252543	
6.180728	444.752422	444.753527	443.268892	443.252543	
6.190922	444.752422	444.753527	443.268892	443.252543	
6.201061	444.752422	444.753527	443.268892	443.252543	
6.211214	444.752422	444.753527	443.268892	443.252543	
6.221397	444.752422	444.753527	443.268892	443.252543	
6.231492	444.752422	444.753527	443.268892	443.252543	
6.241867	444.752422	444.753527	443.268892	443.252543	
6.251834	444.752422	444.753527	443.268892	443.252543	
6.261987	444.752422	444.753527	443.268892	443.252543	
6.272177	444.752422	444.753527	443.268892	443.252543	
6.282289	444.752422	444.753527	443.268892	443.252543	
6.292451	444.752422	444.753527	443.268892	443.252543	
6.302602	444.752422	444.753527	443.268892	443.252543	
6.312853	444.752422	444.753527	443.268892	443.252543	
6.322906	444.752422	444.753527	443.268892	443.252543	
6.333018	444.752422	444.753527	443.268892	443.252543	
6.343189	444.752422	444.753527	443.268892	443.252543	
6.353376	444.752422	444.753527	443.268892	443.252543	
6.363513	444.752422	444.753527	443.268892	443.252543	
6.373672	444.752422	444.753527	443.268892	443.252543	
6.383797	444.752422	444.753527	443.268892	443.252543	
6.394066	444.752422	444.753527	443.268892	443.252543	
6.404128	444.752422	444.753527	443.268892	443.252543	
6.414475	444.752422	444.753527	443.268892	443.252543	
6.424595	444.752422	444.753527	443.268892	443.252543	
6.434716	444.752422	444.753527	443.268892	443.252543	
6.444888	444.752422	444.753527	443.268892	443.252543	
6.455522	444.752422	444.753527	443.268892	443.252543	
6.465522	444.752422	444.753527	443.268892	443.252543	
6.475662	444.752422	444.753527	443.268892	443.252543	
6.485844	444.752422	444.753527	443.268892	443.252543	
6.496098	444.752422	444.753527	443.268892	443.252543	
6.506108	444.752422	444.753527	443.268892	443.252543	
6.516254	444.752422	444.753527	443.268892	443.252543	
6.526364	444.752422	444.753527	443.268892	443.252543	
6.536511	444.752422	444.753527	443.268892	443.252543	
6.546654	444.752422	444.753527	443.268892	443.252543	
6.557082	444.752422	444.753527	443.268892	443.252543	
6.567077	444.752422	444.753527	443.268892	443.252543	
6.577117	444.752422	444.753527	443.268892	443.252543	
6.587245	444.752422	444.753527	443.268892	443.252543	
6.597576	444.752422	444.753527	443.268892	443.252543	
6.607561	444.752422	444.753527	443.268892	443.252543	
6.617707	444.752422	444.753527	443.268892	443.252543	
6.627862	444.752422	444.753527	443.268892	443.252543	
6.637974	444.752422	444.753527	443.268892	443.252543	
6.648333	444.752422	444.753527	443.268892	443.252543	
6.65849	444.752422	444.753527	443.268892	443.252543	
6.668459	444.752422	444.753527	443.268892	443.252543	
6.67859	444.752422	444.753527	443.268892	443.252543	
6.688736	444.752422	444.753527	443.268892	443.252543	
6.698849	444.752422	444.753527	443.268892	443.252543	
6.709081	444.752422	444.753527	443.268892	443.252543	
6.719189	444.752422	444.753527	443.268892	443.252543	
6.729306	444.752422	444.753527	443.268892	443.252543	
6.739452	444.752422	444.753527	443.268892	443.252543	
6.749637	444.752422	444.753527	443.268892	443.252543	
6.768114	444.752422	444.753527	443.268892	443.252543	
6.772656	444.752422	444.753527	443.268892	443.252543	
6.782888	444.752422	444.753527	443.268892	443.252543	
6.792956	444.752422	444.753527	443.268892	443.252543	
6.803101	444.752422	444.753527	443.268892	443.252543	
6.813268	444.752422	444.753527	443.268892	443.252543	
6.823429	444.752422	444.753527	443.268892	443.252543	
6.833581	444.752422	444.753527	443.268892	443.252543	
6.843682	444.752422	444.753527	443.268892	443.252543	
6.853883	444.752422	444.753527	443.268892	443.252543	
6.86403	444.752422	444.753527	443.268892	443.252543	
6.874199	444.752422	444.753527	443.268892	443.252543	
6.884352	444.752422	444.753527	443.268892	443.252543	
6.894503	444.752422	444.753527	443.268892	443.252543	
6.90466	444.752422	444.753527	443.268892	443.252543	
6.91481	444.752422	444.753527	443.268892	443.252543	
6.924943	444.752422	444.753527	443.268892	443.252543	
6.935172	444.752422	444.753527	443.268892	443.252543	
6.945267	444.752422	444.753527	443.268892	443.252543	
6.955411	444.752422	444.753527	443.268892	443.252543	
6.965595	444.752422	444.753527	443.268892	443.252543	
6.975903	444.752422	444.753527	443.268892	443.252543	
6.986011	444.752422	444.753527	443.268892	443.252543	
6.996156	444.752422	444.753527	443.268892	443.252543	
7.006316	444.752422	444.753527	443.268892	443.252543	
7.016509	444.752422	444.753527	443.268892	443.252543	
7.026626	444.752422	444.753527	443.268892	443.252543	
7.036757	444.752422	444.753527	443.268892	443.252543	
7.047007	444.752422	444.753527	443.268892	443.252543	
7.057093	444.752422	444.753527	443.268892	443.252543	
7.067199	444.752422	444.753527	443.268892	443.252543	
7.077597	444.752422	444.753527	443.268892	443.252543	
7.08748	444.752422	444.753527	443.268892	443.252543	
7.097625	444.752422	444.753527	443.268892	443.252543	
7.107773	444.752422	444.753527	443.268892	443.252543	
7.117921	444.752422	444.753527	443.268892	443.252543	
7.128069	444.752422	444.753527	443.268892	443.252543	
7.13836	444.752422	444.753527	443.268892	443.252543	
7.148375	444.752422	444.753527	443.268892	443.252543	
7.168888	444.752422	444.753527	443.268892	443.252543	
7.173881	444.752422	444.753527	443.268892	443.252543	
7.184127	444.752422	444.753527	443.268892	443.252543	
7.194251	444.752422	444.753527	443.268892	443.252543	
7.204409	444.752422	444.753527	443.268892	443.252543	
7.214584	444.752422	444.753527	443.268892	443.252543	
7.224694	444.752422	444.753527	443.268892	443.252543	
7.23488	444.752422	444.753527	443.268892	443.252543	
7.245009	444.752422	444.753527	443.268892	443.252543	
7.255217	444.752422	444.753527	443.268892	443.252543	
7.265336	444.752422	444.753527	443.268892	443.252543	
7.275417	444.752422	444.753527	443.268892	443.252543	
7.285723	444.752422	444.753527	443.268892	443.252543	
7.295786	444.752422	444.753527	443.268892	443.252543	
7.305917	444.752422	444.753527	443.268892	443.252543	
7.316137	444.752422	444.753527	443.268892	443.252543	
7.326192	444.752422	444.753527	443.268892	443.252543	
7.336383	444.752422	444.753527	443.268892	443.252543	
7.34646	444.752422	444.753527	443.268892	443.252543	
7.356638	444.752422	444.753527	443.268892	443.252543	
7.366866	444.752422	444.753527	443.268892	443.252543	
7.377321	444.752422	444.753527	443.268892	443.252543	
7.387088	444.752422	444.753527	443.268892	443.252543	
7.397256	444.752422	444.753527	443.268892	443.252543	
7.407574	444.752422	444.753527	443.268892	443.252543	
7.41755	444.752422	444.753527	443.268892	443.252543	
7.42767	444.752422	444.753527	443.268892	443.252543	
7.437853	444.752422	444.753527	443.268892	443.252543	
7.447953	444.752422	444.753527	443.268892	443.252543	
7.458127	444.752422	444.753527	443.268892	443.252543	
7.468312	444.752422	444.753527	443.268892	443.252543	
7.478422	444.752422	444.753527	443.268892	443.252543	
7.488576	444.752422	444.753527	443.268892	443.252543	
7.499403	444.752422	444.753527	443.268892	443.252543	
7.50887	444.752422	444.753527	443.268892	443.252543	
7.519056	444.752422	444.753527	443.268892	443.252543	
7.529123	444.752422	444.753527	443.268892	443.252543	
7.539316	444.752422	444.753527	443.268892	443.252543	
7.549448	444.752422	444.753527	443.268892	443.252543	
7.55965	444.752422	444.753527	443.268892	443.252543	
7.569785	444.752422	444.753527	443.268892	443.252543	
7.579858	444.752422	444.753527	443.268892	443.252543	
7.590257	444.752422	444.753527	443.268892	443.252543	
7.600478	444.752422	444.753527	443.268892	443.252543	
7.610562	444.752422	444.753527	443.268892	443.252543	
7.620711	444.752422	444.753527	443.268892	443.252543	
7.630918	444.752422	444.753527	443.268892	443.252543	
7.641019	444.752422	444.753527	443.268892	443.252543	
7.651179	444.752422	444.753527	443.268892	443.252543	
7.661331	444.752422	444.753527	443.268892	443.252543	
7.671517	444.752422	444.753527	443.268892	443.252543	
7.681641	444.752422	444.753527	443.268892	443.252543	
7.691797	444.752422	444.753527	443.268892	443.252543	
7.701978	444.752422	444.753527	443.268892	443.252543	
7.712153	444.752422	444.753527	443.268892	443.252543	
7.72229	444.752422	444.753527	443.268892	443.252543	
7.732456	444.752422	444.753527	443.268892	443.252543	
7.742616	444.752422	444.753527	443.268892	443.252543	
7.75276	444.752422	444.753527	443.268892	443.252543	
7.762898	444.752422	444.753527	443.268892	443.252543	
7.773055	444.752422	444.753527	443.268892	443.252543	
7.783272	444.752422	444.753527	443.268892	443.252543	
7.793384	444.752422	444.753527	443.268892	443.252543	
7.803516	444.752422	444.753527	443.268892	443.252543	
7.813736	444.752422	444.753527	443.268892	443.252543	
7.823841	444.752422	444.753527	443.268892	443.252543	
7.83399	444.752422	444.753527	443.268892	443.252543	
7.844092	444.752422	444.753527	443.268892	443.252543	
7.854276	444.752422	444.753527	443.268892	443.252543	
7.864517	444.752422	444.753527	443.268892	443.252543	
7.874581	444.752422	444.753527	443.268892	443.252543	
7.884726	444.752422	444.753527	443.268892	443.252543	
7.894949	444.752422	444.753527	443.268892	443.252543	
7.905033	444.752422	444.753527	443.268892	443.252543	
7.915228	444.752422	444.753527	443.268892	443.252543	
7.9273	444.752422	444.753527	443.268892	443.252543	
7.93546	444.752422	444.753527	443.268892	443.252543	
7.945577	444.752422	444.753527	443.268892	443.252543	
7.955762	444.752422	444.753527	443.268892	443.252543	
7.965967	444.752422	444.753527	443.268892	443.252543	
7.976076	444.752422	444.753527	443.268892	443.252543	
7.986231	444.752422	444.753527	443.268892	443.252543	
7.996362	444.752422	444.753527	443.268892	443.252543	
8.006533	444.752422	444.753527	443.268892	443.252543	
8.01669	444.752422	444.753527	443.268892	443.252543	
8.026896	444.752422	444.753527	443.268892	443.252543	
8.036994	444.752422	444.753527	443.268892	443.252543	
8.047183	444.752422	444.753527	443.268892	443.252543	
8.05727	444.752422	444.753527	443.268892	443.252543	
8.067401	444.752422	444.753527	443.268892	443.252543	
8.077562	444.752422	444.753527	443.268892	443.252543	
8.087687	444.752422	444.753527	443.268892	443.252543	
8.097916	444.752422	444.753527	443.268892	443.252543	
8.107993	444.752422	444.753527	443.268892	443.252543	
8.118175	444.752422	444.753527	443.268892	443.252543	
8.128329	444.752422	444.753527	443.268892	443.252543	
8.138425	444.752422	444.753527	443.268892	443.252543	
8.148616	444.752422	444.753527	443.268892	443.252543	
8.158728	444.752422	444.753527	443.268892	443.252543	
8.168871	444.752422	444.753527	443.268892	443.252543	
8.178989	444.752422	444.753527	443.268892	443.252543	
8.189186	444.752422	444.753527	443.268892	443.252543	
8.199352	444.752422	444.753527	443.268892	443.252543	
8.209461	444.752422	444.753527	443.268892	443.252543	
8.219643	444.752422	444.753527	443.268892	443.252543	
8.229849	444.752422	444.753527	443.268892	443.252543	
8.240294	444.752422	444.753527	443.268892	443.252543	
8.250203	444.752422	444.753527	443.268892	443.252543	
8.260518	444.752422	444.753527	443.268892	443.252543	
8.270563	444.752422	444.753527	443.268892	443.252543	
8.280682	444.752422	444.753527	443.268892	443.252543	
8.290871	444.752422	444.753527	443.268892	443.252543	
8.300978	444.752422	444.753527	443.268892	443.252543	
8.311208	444.752422	444.753527	443.268892	443.252543	
8.321319	444.752422	444.753527	443.268892	443.252543	
8.331448	444.752422	444.753527	443.268892	443.252543	
8.341601	444.752422	444.753527	443.268892	443.252543	
8.351706	444.752422	444.753527	443.268892	443.252543	
8.36189	444.752422	444.753527	443.268892	443.252543	
8.37202	444.752422	444.753527	443.268892	443.252543	
8.382195	444.752422	444.753527	443.268892	443.252543	
8.39234	444.752422	444.753527	443.268892	443.252543	
8.40249	444.752422	444.753527	443.268892	443.252543	
8.412658	444.752422	444.753527	443.268892	443.252543	
8.422791	444.752422	444.753527	443.268892	443.252543	
8.432938	444.752422	444.753527	443.268892	443.252543	
8.443106	444.752422	444.753527	443.268892	443.252543	
8.453243	444.752422	444.753527	443.268892	443.252543	
8.46346	444.752422	444.753527	443.268892	443.252543	
8.47351	444.752422	444.753527	443.268892	443.252543	
8.483706	444.752422	444.753527	443.268892	443.252543	
8.493892	444.752422	444.753527	443.268892	443.252543	
8.504773	444.752422	444.753527	443.268892	443.252543	
8.514885	444.752422	444.753527	443.268892	443.252543	
8.525009	444.752422	444.753527	443.268892	443.252543	
8.535219	444.752422	444.753527	443.268892	443.252543	
8.545369	444.752422	444.753527	443.268892	443.252543	
8.555501	444.752422	444.753527	443.268892	443.252543	
8.565734	444.752422	444.753527	443.268892	443.252543	
8.575812	444.752422	444.753527	443.268892	443.252543	
8.585961	444.752422	444.753527	443.268892	443.252543	
8.596031	444.752422	444.753527	443.268892	443.252543	
8.6062	444.752422	444.753527	443.268892	443.252543	
8.616397	444.752422	444.753527	443.268892	443.252543	
8.626523	444.752422	444.753527	443.268892	443.252543	
8.636684	444.752422	444.753527	443.268892	443.252543	
8.647115	444.752422	444.753527	443.268892	443.252543	
8.657165	444.752422	444.753527	443.268892	443.252543	
8.66731	444.752422	444.753527	443.268892	443.252543	
8.677461	444.752422	444.753527	443.268892	443.252543	
8.687612	444.752422	444.753527	443.268892	443.252543	
8.697768	444.752422	444.753527	443.268892	443.252543	
8.707922	444.752422	444.753527	443.268892	443.252543	
8.718062	444.752422	444.753527	443.268892	443.252543	
8.728308	444.752422	444.753527	443.268892	443.252543	
8.738395	444.752422	444.753527	443.268892	443.252543	
8.74874	444.752422	444.753527	443.268892	443.252543	
8.758681	444.752422	444.753527	443.268892	443.252543	
8.768812	444.752422	444.753527	443.268892	443.252543	
8.77896	444.752422	444.753527	443.268892	443.252543	
8.7891	444.752422	444.753527	443.268892	443.252543	
8.799306	444.752422	444.753527	443.268892	443.252543	
8.809407	444.752422	444.753527	443.268892	443.252543	
8.819547	444.752422	444.753527	443.268892	443.252543	
8.837537	444.752422	444.753527	443.268892	443.252543	
8.842034	444.752422	444.753527	443.268892	443.252543	
8.852231	444.752422	444.753527	443.268892	443.252543	
8.862426	444.752422	444.753527	443.268892	443.252543	
8.87265	444.752422	444.753527	443.268892	443.252543	
8.882723	444.752422	444.753527	443.268892	443.252543	
8.892849	444.752422	444.753527	443.268892	443.252543	
8.903078	444.752422	444.753527	443.268892	443.252543	
8.913198	444.752422	444.753527	443.268892	443.252543	
8.923317	444.752422	444.753527	443.268892	443.252543	
8.933482	444.752422	444.753527	443.268892	443.252543	
8.943622	444.752422	444.753527	443.268892	443.252543	
8.953824	444.752422	444.753527	443.268892	443.252543	
8.96401	444.752422	444.753527	443.268892	443.252543	
8.974142	444.752422	444.753527	443.268892	443.252543	
8.98432	444.752422	444.753527	443.268892	443.252543	
8.994441	444.752422	444.753527	443.268892	443.252543	
9.004582	444.752422	444.753527	443.268892	443.252543	
9.014763	444.752422	444.753527	443.268892	443.252543	
9.024889	444.752422	444.753527	443.268892	443.252543	
9.03505	444.752422	444.753527	443.268892	443.252543	
9.045181	444.752422	444.753527	443.268892	443.252543	
9.055346	444.752422	444.753527	443.268892	443.252543	
9.065744	444.752422	444.753527	443.268892	443.252543	
9.075867	444.752422	444.753527	443.268892	443.252543	
9.086018	444.752422	444.753527	443.268892	443.252543	
9.096101	444.752422	444.753527	443.268892	443.252543	
9.106256	444.752422	444.753527	443.268892	443.252543	
9.11645	444.752422	444.753527	443.268892	443.252543	
9.126604	444.752422	444.753527	443.268892	443.252543	
9.136779	444.752422	444.753527	443.268892	443.252543	
9.146911	444.752422	444.753527	443.268892	443.252543	
9.160156	444.752422	444.753527	443.268892	443.252543	
9.167297	444.752422	444.753527	443.268892	443.252543	
9.17732	444.752422	444.753527	443.268892	443.252543	
9.187472	444.752422	444.753527	443.268892	443.252543	
9.197605	444.752422	444.753527	443.268892	443.252543	
9.207762	444.752422	444.753527	443.268892	443.252543	
9.217911	444.752422	444.753527	443.268892	443.252543	
9.228044	444.752422	444.753527	443.268892	443.252543	
9.238257	444.752422	444.753527	443.268892	443.252543	
9.248389	444.752422	444.753527	443.268892	443.252543	
9.258482	444.752422	444.753527	443.268892	443.252543	
9.268646	444.752422	444.753527	443.268892	443.252543	
9.278805	444.752422	444.753527	443.268892	443.252543	
9.288932	444.752422	444.753527	443.268892	443.252543	
9.299065	444.752422	444.753527	443.268892	443.252543	
9.309181	444.752422	444.753527	443.268892	443.252543	
9.319491	444.752422	444.753527	443.268892	443.252543	
9.32963	444.752422	444.753527	443.268892	443.252543	
9.339787	444.752422	444.753527	443.268892	443.252543	
9.34994	444.752422	444.753527	443.268892	443.252543	
9.360069	444.752422	444.753527	443.268892	443.252543	
9.370213	444.752422	444.753527	443.268892	443.252543	
9.38042	444.752422	444.753527	443.268892	443.252543	
9.390604	444.752422	444.753527	443.268892	443.252543	
9.400825	444.752422	444.753527	443.268892	443.252543	
9.4111	444.752422	444.753527	443.268892	443.252543	
9.421078	444.752422	444.753527	443.268892	443.252543	
9.43131	444.752422	444.753527	443.268892	443.252543	
9.44138	444.752422	444.753527	443.268892	443.252543	
9.451534	444.752422	444.753527	443.268892	443.252543	
9.470825	444.752422	444.753527	443.268892	443.252543	
9.475364	444.752422	444.753527	443.268892	443.252543	
9.485624	444.752422	444.753527	443.268892	443.252543	
9.495762	444.752422	444.753527	443.268892	443.252543	
9.506406	444.752422	444.753527	443.268892	443.252543	
9.516495	444.752422	444.753527	443.268892	443.252543	
9.526653	444.752422	444.753527	443.268892	443.252543	
9.536905	444.752422	444.753527	443.268892	443.252543	
9.547012	444.752422	444.753527	443.268892	443.252543	
9.557149	444.752422	444.753527	443.268892	443.252543	
9.567348	444.752422	444.753527	443.268892	443.252543	
9.577585	444.752422	444.753527	443.268892	443.252543	
9.58761	444.752422	444.753527	443.268892	443.252543	
9.597758	444.752422	444.753527	443.268892	443.252543	
9.607883	444.752422	444.753527	443.268892	443.252543	
9.618013	444.752422	444.753527	443.268892	443.252543	
9.636463	444.752422	444.753527	443.268892	443.252543	
9.641126	444.752422	444.753527	443.268892	443.252543	
9.651262	444.752422	444.753527	443.268892	443.252543	
9.661426	444.752422	444.753527	443.268892	443.252543	
9.671599	444.752422	444.753527	443.268892	443.252543	
9.681744	444.752422	444.753527	443.268892	443.252543	
9.691923	444.752422	444.753527	443.268892	443.252543	
9.702076	444.752422	444.753527	443.268892	443.252543	
9.712225	444.752422	444.753527	443.268892	443.252543	
9.722357	444.752422	444.753527	443.268892	443.252543	
9.732486	444.752422	444.753527	443.268892	443.252543	
9.742677	444.752422	444.753527	443.268892	443.252543	
9.752869	444.752422	444.753527	443.268892	443.252543	
9.76299	444.752422	444.753527	443.268892	443.252543	
9.773139	444.752422	444.753527	443.268892	443.252543	
9.783341	444.752422	444.753527	443.268892	443.252543	
9.793475	444.752422	444.753527	443.268892	443.252543	
9.803596	444.752422	444.753527	443.268892	443.252543	
9.81378	444.752422	444.753527	443.268892	443.252543	
9.823906	444.752422	444.753527	443.268892	443.252543	
9.834066	444.752422	444.753527	443.268892	443.252543	
9.844169	444.752422	444.753527	443.268892	443.252543	
9.85436	444.752422	444.753527	443.268892	443.252543	
9.864511	444.752422	444.753527	443.268892	443.252543	
9.87465	444.752422	444.753527	443.268892	443.252543	
9.884822	444.752422	444.753527	443.268892	443.252543	
9.894968	444.752422	444.753527	443.268892	443.252543	
9.905137	444.752422	444.753527	443.268892	443.252543	
9.915287	444.752422	444.753527	443.268892	443.252543	
9.925416	444.752422	444.753527	443.268892	443.252543	
9.935567	444.752422	444.753527	443.268892	443.252543	
9.945741	444.752422	444.753527	443.268892	443.252543	
9.95587	444.752422	444.753527	443.268892	443.252543	
9.966061	444.752422	444.753527	443.268892	443.252543	
9.97621	444.752422	444.753527	443.268892	443.252543	
9.986315	444.752422	444.753527	443.268892	443.252543	
9.996456	444.752422	444.753527	443.268892	443.252543	
10.00671	444.752422	444.753527	443.268892	443.252543	
10.01691	444.752422	444.753527	443.268892	443.252543	
10.02701	444.752422	444.753527	443.268892	443.252543	
10.03715	444.752422	444.753527	443.268892	443.252543	
10.04737	444.752422	444.753527	443.268892	443.252543	
10.05744	444.752422	444.753527	443.268892	443.252543	
10.06759	444.752422	444.753527	443.268892	443.252543	
10.07774	444.752422	444.753527	443.268892	443.252543	
10.08787	444.752422	444.753527	443.268892	443.252543	
10.09802	444.752422	444.753527	443.268892	443.252543	
10.10825	444.752422	444.753527	443.268892	443.252543	
10.11839	444.752422	444.762253	443.268892	443.252543	
10.12848	444.752422	444.762253	443.268892	443.252543	
10.13861	444.752422	444.762253	443.268892	443.252543	
10.14876	444.752422	444.762253	443.268892	443.252543	
10.15891	444.752422	444.762253	443.268892	443.252543	
10.16905	444.752422	444.762253	443.268892	443.252543	
10.17919	444.752422	444.762253	443.268892	443.252543	
10.18934	444.752422	444.762253	443.268892	443.252543	
10.19953	444.752422	444.762253	443.268892	443.252543	
10.20971	444.752422	444.762253	443.268892	443.252543	
10.21985	444.752422	444.762253	443.268892	443.252543	
10.23002	444.752422	444.762253	443.268892	443.252543	
10.24016	444.752422	444.762253	443.268892	443.252543	
10.25027	444.752422	444.762253	443.268892	443.252543	
10.26047	444.752422	444.762253	443.268892	443.252543	
10.27063	444.752422	444.762253	443.268892	443.252543	
10.2809	444.752422	444.762253	443.268892	443.252543	
10.29099	444.752422	444.762253	443.268892	443.252543	
10.30112	444.752422	444.762253	443.268892	443.252543	
10.31137	444.752422	444.762253	443.268892	443.252543	
10.32148	444.752422	444.762253	443.268892	443.252543	
10.33161	444.752422	444.762253	443.268892	443.252543	
10.34172	444.752422	444.762253	443.268892	443.252543	
10.35187	444.752422	444.762253	443.268892	443.252543	
10.36205	444.752422	444.762253	443.268892	443.252543	
10.3722	444.752422	444.762253	443.268892	443.252543	
10.38236	444.752422	444.762253	443.268892	443.252543	
10.39253	444.752422	444.762253	443.268892	443.252543	
10.40263	444.752422	444.762253	443.268892	443.252543	
10.41286	444.752422	444.762253	443.268892	443.252543	
10.42299	444.752422	444.762253	443.268892	443.252543	
10.4331	444.752422	444.762253	443.268892	443.252543	
10.44325	444.752422	444.762253	443.268892	443.252543	
10.4534	444.752422	444.762253	443.268892	443.252543	
10.47286	444.752422	444.762253	443.268892	443.252543	
10.47739	444.752422	444.762253	443.268892	443.252543	
10.4876	444.752422	444.762253	443.268892	443.252543	
10.49768	444.752422	444.762253	443.268892	443.252543	
10.50809	444.752422	444.762253	443.268892	443.252543	
10.52612	444.752422	444.762253	443.268892	443.252543	
10.53064	444.752422	444.762253	443.268892	443.252543	
10.54082	444.752422	444.762253	443.268892	443.252543	
10.55099	444.752422	444.762253	443.268892	443.252543	
10.56112	444.752422	444.762253	443.268892	443.252543	
10.57129	444.752422	444.762253	443.268892	443.252543	
10.58143	444.752422	444.762253	443.268892	443.252543	
10.5916	444.752422	444.762253	443.268892	443.252543	
10.60171	444.752422	444.762253	443.268892	443.252543	
10.6119	444.752422	444.762253	443.268892	443.252543	
10.62209	444.752422	444.762253	443.268892	443.252543	
10.63225	444.752422	444.762253	443.268892	443.252543	
10.64237	444.752422	444.762253	443.268892	443.252543	
10.65253	444.752422	444.762253	443.268892	443.252543	
10.6627	444.752422	444.762253	443.268892	443.252543	
10.67289	444.752422	444.762253	443.268892	443.252543	
10.68304	444.752422	444.762253	443.268892	443.252543	
10.69319	444.752422	444.762253	443.268892	443.252543	
10.70344	444.752422	444.762253	443.268892	443.252543	
10.71351	444.752422	444.762253	443.268892	443.252543	
10.72361	444.752422	444.762253	443.268892	443.252543	
10.73387	444.752422	444.762253	443.268892	443.252543	
10.74398	444.752422	444.762253	443.268892	443.252543	
10.75412	444.752422	444.762253	443.268892	443.252543	
10.76426	444.752422	444.762253	443.268892	443.252543	
10.77442	444.752422	444.762253	443.268892	443.252543	
10.7846	444.752422	444.762253	443.268892	443.252543	
10.79474	444.752422	444.762253	443.268892	443.252543	
10.80491	444.752422	444.762253	443.268892	443.252543	
10.81505	444.752422	444.762253	443.268892	443.252543	
10.82519	444.752422	444.762253	443.268892	443.252543	
10.83536	444.752422	444.762253	443.268892	443.252543	
10.84594	444.752422	444.762253	443.268892	443.252543	
10.85607	444.752422	444.762253	443.268892	443.252543	
10.8662	444.752422	444.762253	443.268892	443.252543	
10.87634	444.752422	444.762253	443.268892	443.252543	
10.8865	444.752422	444.762253	443.268892	443.252543	
10.89664	444.752422	444.762253	443.268892	443.252543	
10.90677	444.752422	444.762253	443.268892	443.252543	
10.91697	444.752422	444.762253	443.268892	443.252543	
10.9271	444.752422	444.762253	443.268892	443.252543	
10.93723	444.752422	444.762253	443.268892	443.252543	
10.94739	444.752422	444.762253	443.268892	443.252543	
10.95753	444.752422	444.762253	443.268892	443.252543	
10.96767	444.752422	444.762253	443.268892	443.252543	
10.97781	444.752422	444.762253	443.268892	443.252543	
10.98796	444.752422	444.762253	443.268892	443.252543	
10.99812	444.752422	444.762253	443.268892	443.252543	
11.0083	444.752422	444.762253	443.268892	443.252543	
11.01841	444.752422	444.762253	443.268892	443.252543	
11.02856	444.752422	444.762253	443.268892	443.252543	
11.03869	444.752422	444.762253	443.268892	443.252543	
11.04908	444.752422	444.762253	443.268892	443.252543	
11.05898	444.752422	444.762253	443.268892	443.252543	
11.06912	444.752422	444.762253	443.268892	443.252543	
11.07932	444.752422	444.762253	443.268892	443.252543	
11.08939	444.752422	444.762253	443.268892	443.252543	
11.09957	444.752422	444.762253	443.268892	443.252543	
11.11757	444.752422	444.762253	443.268892	443.252543	
11.12211	444.752422	444.762253	443.268892	443.252543	
11.13226	444.752422	444.762253	443.268892	443.252543	
11.14243	444.752422	444.762253	443.268892	443.252543	
11.15268	444.752422	444.762253	443.268892	443.252543	
11.16275	444.752422	444.762253	443.268892	443.252543	
11.17289	444.752422	444.762253	443.268892	443.252543	
11.18307	444.752422	444.762253	443.268892	443.252543	
11.19316	444.752422	444.762253	443.268892	443.252543	
11.20336	444.752422	444.762253	443.268892	443.252543	
11.2135	444.752422	444.762253	443.268892	443.252543	
11.22371	444.752422	444.762253	443.268892	443.252543	
11.23381	444.752422	444.762253	443.268892	443.252543	
11.24391	444.752422	444.762253	443.268892	443.252543	
11.25431	444.752422	444.762253	443.268892	443.252543	
11.26428	444.752422	444.762253	443.268892	443.252543	
11.27442	444.752422	444.762253	443.268892	443.252543	
11.28456	444.752422	444.762253	443.268892	443.252543	
11.29473	444.752422	444.762253	443.268892	443.252543	
11.30497	444.752422	444.762253	443.268892	443.252543	
11.31501	444.752422	444.762253	443.268892	443.252543	
11.32521	444.752422	444.762253	443.268892	443.252543	
11.33535	444.752422	444.762253	443.268892	443.252543	
11.34552	444.752422	444.762253	443.268892	443.252543	
11.35572	444.752422	444.762253	443.268892	443.252543	
11.36591	444.752422	444.762253	443.268892	443.252543	
11.37603	444.752422	444.762253	443.268892	443.252543	
11.38618	444.752422	444.762253	443.268892	443.252543	
11.39634	444.752422	444.762253	443.268892	443.252543	
11.40642	444.752422	444.762253	443.268892	443.252543	
11.41688	444.752422	444.762253	443.268892	443.252543	
11.4269	444.752422	444.762253	443.268892	443.252543	
11.4371	444.752422	444.762253	443.268892	443.252543	
11.44717	444.752422	444.762253	443.268892	443.252543	
11.45749	444.752422	444.762253	443.268892	443.252543	
11.4678	444.752422	444.762253	443.268892	443.252543	
11.47791	444.752422	444.762253	443.268892	443.252543	
11.48807	444.752422	444.762253	443.268892	443.252543	
11.49825	444.752422	444.762253	443.268892	443.252543	
11.50904	444.752422	444.762253	443.268892	443.252543	
11.51915	444.752422	444.762253	443.268892	443.252543	
11.52927	444.752422	444.762253	443.268892	443.252543	
11.53945	444.752422	444.762253	443.268892	443.252543	
11.54964	444.752422	444.762253	443.268892	443.252543	
11.55983	444.752422	444.762253	443.268892	443.252543	
11.57025	444.752422	444.762253	443.268892	443.252543	
11.58006	444.752422	444.762253	443.268892	443.252543	
11.59024	444.752422	444.762253	443.268892	443.252543	
11.60033	444.752422	444.762253	443.268892	443.252543	
11.61047	444.752422	444.762253	443.268892	443.252543	
11.62065	444.752422	444.762253	443.268892	443.252543	
11.63082	444.752422	444.762253	443.268892	443.252543	
11.64104	444.752422	444.762253	443.268892	443.252543	
11.65117	444.752422	444.762253	443.268892	443.252543	
11.6613	444.752422	444.762253	443.268892	443.252543	
11.67156	444.752422	444.762253	443.268892	443.252543	
11.68163	444.752422	444.762253	443.268892	443.252543	
11.69178	444.752422	444.762253	443.268892	443.252543	
11.70195	444.752422	444.762253	443.268892	443.252543	
11.71212	444.752422	444.762253	443.268892	443.252543	
11.72226	444.752422	444.762253	443.268892	443.252543	
11.73242	444.752422	444.762253	443.268892	443.252543	
11.74258	444.752422	444.762253	443.268892	443.252543	
11.75275	444.752422	444.762253	443.268892	443.252543	
11.76288	444.752422	444.762253	443.268892	443.252543	
11.77305	444.752422	444.762253	443.268892	443.252543	
11.78321	444.752422	444.762253	443.268892	443.252543	
11.79335	444.752422	444.762253	443.268892	443.252543	
11.80351	444.752422	444.762253	443.268892	443.252543	
11.81365	444.752422	444.762253	443.268892	443.252543	
11.82387	444.752422	444.762253	443.268892	443.252543	
11.834	444.752422	444.762253	443.268892	443.252543	
11.8441	444.752422	444.762253	443.268892	443.252543	
11.85432	444.752422	444.762253	443.268892	443.252543	
11.86445	444.752422	444.762253	443.268892	443.252543	
11.87458	444.752422	444.762253	443.268892	443.252543	
11.88506	444.752422	444.762253	443.268892	443.252543	
11.89518	444.752422	444.762253	443.268892	443.252543	
11.90532	444.752422	444.762253	443.268892	443.252543	
11.91564	444.752422	444.762253	443.268892	443.252543	
11.92605	444.752422	444.762253	443.268892	443.252543	
11.93596	444.752422	444.762253	443.268892	443.252543	
11.94609	444.752422	444.762253	443.268892	443.252543	
11.95623	444.752422	444.762253	443.268892	443.252543	
11.96641	444.752422	444.762253	443.268892	443.252543	
11.97648	444.752422	444.762253	443.268892	443.252543	
11.98669	444.752422	444.762253	443.268892	443.252543	
11.99687	444.752422	444.762253	443.268892	443.252543	
12.00697	444.752422	444.762253	443.268892	443.252543	
12.01715	444.752422	444.762253	443.268892	443.252543	
12.02725	444.752422	444.762253	443.268892	443.252543	
12.0374	444.752422	444.762253	443.268892	443.252543	
12.04761	444.752422	444.762253	443.268892	443.252543	
12.05768	444.752422	444.762253	443.268892	443.252543	
12.06784	444.752422	444.762253	443.268892	443.252543	
12.07797	444.752422	444.762253	443.268892	443.252543	
12.08816	444.752422	444.762253	443.268892	443.252543	
12.09831	444.752422	444.762253	443.268892	443.252543	
12.10841	444.752422	444.762253	443.268892	443.252543	
12.11856	444.752422	444.762253	443.268892	443.252543	
12.12869	444.752422	444.762253	443.268892	443.252543	
12.13883	444.752422	444.762253	443.268892	443.252543	
12.149	444.752422	444.762253	443.268892	443.252543	
12.15913	444.752422	444.762253	443.268892	443.252543	
12.16927	444.752422	444.762253	443.268892	443.252543	
12.17941	444.752422	444.762253	443.268892	443.252543	
12.18955	444.752422	444.762253	443.268892	443.252543	
12.19984	444.752422	444.762253	443.268892	443.252543	
12.2099	444.752422	444.762253	443.268892	443.252543	
12.22004	444.752422	444.762253	443.268892	443.252543	
12.2302	444.752422	444.762253	443.268892	443.252543	
12.24035	444.752422	444.762253	443.268892	443.252543	
12.2505	444.752422	444.762253	443.268892	443.252543	
12.26067	444.752422	444.762253	443.268892	443.252543	
12.27085	444.752422	444.762253	443.268892	443.252543	
12.28106	444.752422	444.762253	443.268892	443.252543	
12.29116	444.752422	444.762253	443.268892	443.252543	
12.30148	444.752422	444.762253	443.268892	443.252543	
12.31154	444.752422	444.762253	443.268892	443.252543	
12.32164	444.752422	444.762253	443.268892	443.252543	
12.33175	444.752422	444.762253	443.268892	443.252543	
12.34188	444.752422	444.762253	443.268892	443.252543	
12.35206	444.752422	444.762253	443.268892	443.252543	
12.3622	444.752422	444.762253	443.268892	443.252543	
12.37237	444.752422	444.762253	443.268892	443.252543	
12.38252	444.752422	444.762253	443.268892	443.252543	
12.39268	444.752422	444.762253	443.268892	443.252543	
12.40312	444.752422	444.762253	443.268892	443.252543	
12.41318	444.752422	444.762253	443.268892	443.252543	
12.42317	444.752422	444.762253	443.268892	443.252543	
12.4333	444.752422	444.762253	443.268892	443.252543	
12.44341	444.752422	444.762253	443.268892	443.252543	
12.45359	444.752422	444.762253	443.268892	443.252543	
12.46414	444.752422	444.762253	443.268892	443.252543	
12.47392	444.752422	444.762253	443.268892	443.252543	
12.48408	444.752422	444.762253	443.268892	443.252543	
12.49424	444.752422	444.762253	443.268892	443.252543	
12.50438	444.752422	444.762253	443.268892	443.252543	
12.51455	444.752422	444.762253	443.268892	443.252543	
12.52464	444.752422	444.762253	443.268892	443.252543	
12.53483	444.752422	444.762253	443.268892	443.252543	
12.54501	444.752422	444.762253	443.268892	443.252543	
12.5551	444.752422	444.762253	443.268892	443.252543	
12.56528	444.752422	444.762253	443.268892	443.252543	
12.57546	444.752422	444.762253	443.268892	443.252543	
12.58556	444.752422	444.762253	443.268892	443.252543	
12.59575	444.752422	444.762253	443.268892	443.252543	
12.60623	444.752422	444.762253	443.268892	443.252543	
12.61611	444.752422	444.762253	443.268892	443.252543	
12.6262	444.752422	444.762253	443.268892	443.252543	
12.63635	444.752422	444.762253	443.268892	443.252543	
12.64654	444.752422	444.762253	443.268892	443.252543	
12.65665	444.752422	444.762253	443.268892	443.252543	
12.66678	444.752422	444.762253	443.268892	443.252543	
12.67692	444.752422	444.762253	443.268892	443.252543	
12.6871	444.752422	444.762253	443.268892	443.252543	
12.69725	444.752422	444.762253	443.268892	443.252543	
12.70738	444.752422	444.762253	443.268892	443.252543	
12.71785	444.752422	444.762253	443.268892	443.252543	
12.72777	444.752422	444.762253	443.268892	443.252543	
12.73784	444.752422	444.762253	443.268892	443.252543	
12.74797	444.752422	444.762253	443.268892	443.252543	
12.75812	444.752422	444.762253	443.268892	443.252543	
12.77656	444.752422	444.762253	443.268892	443.252543	
12.78111	444.752422	444.762253	443.268892	443.252543	
12.79131	444.752422	444.762253	443.268892	443.252543	
12.80142	444.752422	444.762253	443.268892	443.252543	
12.81155	444.752422	444.762253	443.268892	443.252543	
12.82192	444.752422	444.762253	443.268892	443.252543	
12.83192	444.752422	444.762253	443.268892	443.252543	
12.84201	444.752422	444.762253	443.268892	443.252543	
12.8522	444.752422	444.762253	443.268892	443.252543	
12.86238	444.752422	444.762253	443.268892	443.252543	
12.8725	444.752422	444.762253	443.268892	443.252543	
12.88265	444.752422	444.762253	443.268892	443.252543	
12.89281	444.752422	444.762253	443.268892	443.252543	
12.90299	444.752422	444.762253	443.268892	443.252543	
12.91339	444.752422	444.762253	443.268892	443.252543	
12.92332	444.752422	444.762253	443.268892	443.252543	
12.93491	444.752422	444.762253	443.268892	443.252543	
12.94507	444.752422	444.762253	443.268892	443.252543	
12.95513	444.752422	444.762253	443.268892	443.252543	
12.96525	444.752422	444.762253	443.268892	443.252543	
12.97545	444.752422	444.762253	443.268892	443.252543	
12.98558	444.752422	444.762253	443.268892	443.252543	
12.99574	444.752422	444.762253	443.268892	443.252543	
13.00588	444.752422	444.762253	443.268892	443.252543	
13.01607	444.752422	444.762253	443.268892	443.252543	
13.02619	444.752422	444.762253	443.268892	443.252543	
13.03638	444.752422	444.762253	443.268892	443.252543	
13.04654	444.752422	444.762253	443.268892	443.252543	
13.05665	444.752422	444.762253	443.268892	443.252543	
13.06677	444.752422	444.762253	443.268892	443.252543	
13.07733	444.752422	444.762253	443.268892	443.252543	
13.08708	444.752422	444.762253	443.268892	443.252543	
13.09734	444.752422	444.762253	443.268892	443.252543	
13.10738	444.752422	444.762253	443.268892	443.252543	
13.11751	444.752422	444.762253	443.268892	443.252543	
13.12774	444.752422	444.762253	443.268892	443.252543	
13.13784	444.752422	444.762253	443.268892	443.252543	
13.14794	444.752422	444.762253	443.268892	443.252543	
13.15905	444.752422	444.762253	443.268892	443.252543	
13.1683	444.752422	444.762253	443.268892	443.252543	
13.1784	444.752422	444.762253	443.268892	443.252543	
13.18854	444.752422	444.762253	443.268892	443.252543	
13.19869	444.752422	444.762253	443.268892	443.252543	
13.20882	444.752422	444.762253	443.268892	443.252543	
13.21896	444.752422	444.762253	443.268892	443.252543	
13.22913	444.752422	444.762253	443.268892	443.252543	
13.23928	444.752422	444.762253	443.268892	443.252543	
13.24942	444.752422	444.762253	443.268892	443.252543	
13.25955	444.752422	444.762253	443.268892	443.252543	
13.26975	444.752422	444.762253	443.268892	443.252543	
13.27984	444.752422	444.762253	443.268892	443.252543	
13.29024	444.752422	444.762253	443.268892	443.252543	
13.3004	444.752422	444.762253	443.268892	443.252543	
13.31055	444.752422	444.762253	443.268892	443.252543	
13.32083	444.752422	444.762253	443.268892	443.252543	
13.33082	444.752422	444.762253	443.268892	443.252543	
13.34097	444.752422	444.762253	443.268892	443.252543	
13.35118	444.752422	444.762253	443.268892	443.252543	
13.36134	444.752422	444.762253	443.268892	443.252543	
13.37148	444.752422	444.762253	443.268892	443.252543	
13.38164	444.752422	444.762253	443.268892	443.252543	
13.39188	444.752422	444.762253	443.268892	443.252543	
13.40197	444.752422	444.762253	443.268892	443.252543	
13.41231	444.752422	444.762253	443.268892	443.252543	
13.42236	444.752422	444.762253	443.268892	443.252543	
13.43245	444.752422	444.762253	443.268892	443.252543	
13.44261	444.752422	444.762253	443.268892	443.252543	
13.45279	444.752422	444.762253	443.268892	443.252543	
13.46294	444.752422	444.762253	443.268892	443.252543	
13.48098	444.752422	444.762253	443.268892	443.252543	
13.48551	444.752422	444.762253	443.268892	443.252543	
13.49577	444.752422	444.762253	443.268892	443.252543	
13.50583	444.752422	444.762253	443.268892	443.252543	
13.51599	444.752422	444.762253	443.268892	443.252543	
13.52608	444.752422	444.762253	443.268892	443.252543	
13.53624	444.752422	444.762253	443.268892	443.252543	
13.54637	444.752422	444.762253	443.268892	443.252543	
13.55661	444.752422	444.762253	443.268892	443.252543	
13.56672	444.752422	444.762253	443.268892	443.252543	
13.57691	444.752422	444.762253	443.268892	443.252543	
13.58701	444.752422	444.762253	443.268892	443.252543	
13.59715	444.752422	444.762253	443.268892	443.252543	
13.6073	444.752422	444.762253	443.268892	443.252543	
13.61744	444.752422	444.762253	443.268892	443.252543	
13.6276	444.752422	444.762253	443.268892	443.252543	
13.63773	444.752422	444.762253	443.268892	443.252543	
13.64792	444.752422	444.762253	443.268892	443.252543	
13.65805	444.752422	444.762253	443.268892	443.252543	
13.66824	444.752422	444.762253	443.268892	443.252543	
13.67842	444.752422	444.762253	443.268892	443.252543	
13.68849	444.752422	444.762253	443.268892	443.252543	
13.69858	444.752422	444.762253	443.268892	443.252543	
13.70899	444.752422	444.762253	443.268892	443.252543	
13.71891	444.752422	444.762253	443.268892	443.252543	
13.7291	444.752422	444.762253	443.268892	443.252543	
13.7392	444.752422	444.762253	443.268892	443.252543	
13.74932	444.752422	444.762253	443.268892	443.252543	
13.75951	444.752422	444.762253	443.268892	443.252543	
13.76974	444.752422	444.762253	443.268892	443.252543	
13.77984	444.752422	444.762253	443.268892	443.26127	
13.79	444.752422	444.762253	443.268892	443.26127	
13.80017	444.752422	444.762253	443.268892	443.26127	
13.81032	444.752422	444.762253	443.268892	443.26127	
13.8205	444.752422	444.762253	443.268892	443.26127	
13.83068	444.752422	444.762253	443.268892	443.26127	
13.84077	444.752422	444.762253	443.268892	443.26127	
13.85096	444.752422	444.762253	443.268892	443.26127	
13.86111	444.752422	444.762253	443.268892	443.26127	
13.87132	444.752422	444.762253	443.268892	443.26127	
13.88144	444.752422	444.762253	443.268892	443.26127	
13.89162	444.752422	444.762253	443.268892	443.26127	
13.90173	444.752422	444.762253	443.268892	443.26127	
13.91197	444.752422	444.762253	443.268892	443.26127	
13.92207	444.752422	444.762253	443.268892	443.26127	
13.93222	444.752422	444.762253	443.268892	443.26127	
13.94242	444.752422	444.762253	443.268892	443.26127	
13.9525	444.752422	444.762253	443.268892	443.26127	
13.96271	444.752422	444.762253	443.268892	443.26127	
13.97287	444.752422	444.762253	443.268892	443.26127	
13.98306	444.752422	444.762253	443.268892	443.26127	
13.99329	444.752422	444.762253	443.268892	443.26127	
14.00335	444.752422	444.762253	443.268892	443.26127	
14.01352	444.752422	444.762253	443.268892	443.26127	
14.02376	444.752422	444.762253	443.268892	443.26127	
14.03384	444.752422	444.762253	443.268892	443.26127	
14.04397	444.752422	444.762253	443.268892	443.26127	
14.05414	444.752422	444.762253	443.268892	443.26127	
14.0643	444.752422	444.762253	443.268892	443.26127	
14.07447	444.752422	444.762253	443.268892	443.26127	
14.08464	444.752422	444.762253	443.268892	443.26127	
14.09475	444.752422	444.762253	443.268892	443.26127	
14.10492	444.752422	444.762253	443.268892	443.26127	
14.11505	444.752422	444.762253	443.268892	443.26127	
14.12522	444.752422	444.762253	443.268892	443.26127	
14.13539	444.752422	444.762253	443.268892	443.26127	
14.14554	444.752422	444.762253	443.268892	443.26127	
14.15573	444.752422	444.762253	443.268892	443.26127	
14.16584	444.752422	444.762253	443.268892	443.26127	
14.17604	444.752422	444.762253	443.268892	443.26127	
14.18616	444.752422	444.762253	443.268892	443.26127	
14.19629	444.752422	444.762253	443.268892	443.26127	
14.20647	444.752422	444.762253	443.268892	443.26127	
14.21658	444.752422	444.762253	443.268892	443.26127	
14.22675	444.752422	444.762253	443.268892	443.26127	
14.2369	444.752422	444.762253	443.268892	443.26127	
14.24702	444.752422	444.762253	443.268892	443.26127	
14.25719	444.752422	444.762253	443.268892	443.26127	
14.26728	444.752422	444.762253	443.268892	443.26127	
14.27756	444.752422	444.762253	443.268892	443.26127	
14.28762	444.752422	444.762253	443.268892	443.26127	
14.29776	444.752422	444.762253	443.268892	443.26127	
14.30788	444.752422	444.762253	443.268892	443.26127	
14.318	444.752422	444.762253	443.268892	443.26127	
14.33044	444.752422	444.762253	443.268892	443.26127	
14.33836	444.752422	444.762253	443.268892	443.26127	
14.34847	444.752422	444.762253	443.268892	443.26127	
14.35863	444.752422	444.762253	443.268892	443.26127	
14.36871	444.752422	444.762253	443.268892	443.26127	
14.37909	444.752422	444.762253	443.268892	443.26127	
14.38925	444.752422	444.762253	443.268892	443.26127	
14.39919	444.752422	444.762253	443.268892	443.26127	
14.4094	444.752422	444.762253	443.268892	443.26127	
14.41953	444.752422	444.762253	443.268892	443.26127	
14.4297	444.752422	444.762253	443.268892	443.26127	
14.44028	444.752422	444.762253	443.268892	443.26127	
14.45034	444.752422	444.762253	443.268892	443.26127	
14.46049	444.752422	444.762253	443.268892	443.26127	
14.47203	444.752422	444.762253	443.268892	443.26127	
14.4808	444.752422	444.762253	443.268892	443.26127	
14.491	444.752422	444.762253	443.268892	443.26127	
14.50118	444.752422	444.762253	443.268892	443.26127	
14.51206	444.752422	444.762253	443.268892	443.26127	
14.52145	444.752422	444.762253	443.268892	443.26127	
14.53159	444.752422	444.762253	443.268892	443.26127	
14.54173	444.752422	444.762253	443.268892	443.26127	
14.55199	444.752422	444.762253	443.268892	443.26127	
14.56205	444.752422	444.762253	443.268892	443.26127	
14.5722	444.752422	444.762253	443.268892	443.26127	
14.58238	444.752422	444.762253	443.268892	443.26127	
14.59249	444.752422	444.762253	443.268892	443.26127	
14.60265	444.752422	444.762253	443.268892	443.26127	
14.61281	444.752422	444.762253	443.268892	443.26127	
14.62302	444.752422	444.762253	443.268892	443.26127	
14.6332	444.752422	444.762253	443.268892	443.26127	
14.64328	444.752422	444.762253	443.268892	443.26127	
14.65349	444.752422	444.762253	443.268892	443.26127	
14.66364	444.752422	444.762253	443.268892	443.26127	
14.67378	444.752422	444.762253	443.268892	443.26127	
14.68393	444.752422	444.762253	443.268892	443.26127	
14.69407	444.752422	444.762253	443.268892	443.26127	
14.70429	444.752422	444.762253	443.268892	443.26127	
14.7144	444.752422	444.762253	443.268892	443.26127	
14.72454	444.752422	444.762253	443.268892	443.26127	
14.73475	444.752422	444.762253	443.268892	443.26127	
14.74483	444.752422	444.762253	443.268892	443.26127	
14.75501	444.752422	444.762253	443.268892	443.26127	
14.76516	444.752422	444.762253	443.268892	443.26127	
14.7753	444.752422	444.762253	443.268892	443.26127	
14.7855	444.752422	444.762253	443.268892	443.26127	
14.79556	444.752422	444.762253	443.268892	443.26127	
14.80578	444.752422	444.762253	443.268892	443.26127	
14.81599	444.752422	444.762253	443.268892	443.26127	
14.82604	444.752422	444.762253	443.268892	443.26127	
14.83619	444.752422	444.762253	443.268892	443.26127	
14.84629	444.752422	444.762253	443.268892	443.26127	
14.85651	444.752422	444.762253	443.268892	443.26127	
14.86664	444.752422	444.762253	443.268892	443.26127	
14.87677	444.752422	444.762253	443.268892	443.26127	
14.88692	444.752422	444.762253	443.268892	443.26127	
14.89743	444.752422	444.762253	443.268892	443.26127	
14.90719	444.752422	444.762253	443.268892	443.26127	
14.91744	444.752422	444.762253	443.268892	443.26127	
14.92752	444.752422	444.762253	443.268892	443.26127	
14.93765	444.752422	444.762253	443.268892	443.26127	
14.94784	444.752422	444.762253	443.268892	443.26127	
14.95795	444.752422	444.762253	443.268892	443.26127	
14.96819	444.752422	444.762253	443.268892	443.26127	
14.97831	444.752422	444.762253	443.268892	443.26127	
14.98842	444.752422	444.762253	443.268892	443.26127	
14.9986	444.752422	444.762253	443.268892	443.26127	
15.0087	444.752422	444.762253	443.268892	443.26127	
15.01888	444.752422	444.762253	443.268892	443.26127	
15.029	444.752422	444.762253	443.268892	443.26127	
15.03916	444.752422	444.762253	443.268892	443.26127	
15.05718	444.752422	444.762253	443.268892	443.26127	
15.0617	444.752422	444.762253	443.268892	443.26127	
15.07195	444.752422	444.762253	443.268892	443.26127	
15.08201	444.752422	444.762253	443.268892	443.26127	
15.09215	444.752422	444.762253	443.268892	443.26127	
15.10232	444.752422	444.762253	443.268892	443.26127	
15.11249	444.752422	444.762253	443.268892	443.26127	
15.12293	444.752422	444.762253	443.268892	443.26127	
15.13306	444.752422	444.762253	443.268892	443.26127	
15.14324	444.752422	444.762253	443.268892	443.26127	
15.15342	444.752422	444.762253	443.268892	443.26127	
15.16354	444.752422	444.762253	443.268892	443.26127	
15.17373	444.752422	444.762253	443.268892	443.26127	
15.18395	444.752422	444.762253	443.268892	443.26127	
15.19402	444.752422	444.762253	443.268892	443.26127	
15.20416	444.752422	444.762253	443.268892	443.26127	
15.21428	444.752422	444.762253	443.268892	443.26127	
15.22456	444.752422	444.762253	443.268892	443.26127	
15.23462	444.752422	444.762253	443.268892	443.26127	
15.24477	444.752422	444.762253	443.268892	443.26127	
15.25493	444.752422	444.762253	443.268892	443.26127	
15.26509	444.752422	444.762253	443.268892	443.26127	
15.27523	444.752422	444.762253	443.268892	443.26127	
15.2854	444.752422	444.762253	443.268892	443.26127	
15.29554	444.752422	444.762253	443.268892	443.26127	
15.30572	444.752422	444.762253	443.268892	443.26127	
15.31581	444.752422	444.762253	443.268892	443.26127	
15.32599	444.752422	444.762253	443.268892	443.26127	
15.33614	444.752422	444.762253	443.268892	443.26127	
15.34623	444.752422	444.762253	443.268892	443.26127	
15.35642	444.752422	444.762253	443.268892	443.26127	
15.36662	444.752422	444.762253	443.268892	443.26127	
15.37675	444.752422	444.762253	443.268892	443.26127	
15.387	444.752422	444.762253	443.268892	443.26127	
15.39701	444.752422	444.762253	443.268892	443.26127	
15.40712	444.752422	444.762253	443.268892	443.26127	
15.41754	444.752422	444.762253	443.268892	443.26127	
15.42743	444.752422	444.762253	443.268892	443.26127	
15.43763	444.752422	444.762253	443.268892	443.26127	
15.44776	444.752422	444.762253	443.268892	443.26127	
15.45791	444.752422	444.762253	443.268892	443.26127	
15.46801	444.752422	444.762253	443.268892	443.26127	
15.48651	444.752422	444.762253	443.268892	443.26127	
15.49105	444.752422	444.762253	443.268892	443.26127	
15.50119	444.752422	444.762253	443.268892	443.26127	
15.51208	444.752422	444.762253	443.268892	443.26127	
15.52154	444.752422	444.762253	443.268892	443.26127	
15.53165	444.752422	444.762253	443.268892	443.26127	
15.54179	444.752422	444.762253	443.268892	443.26127	
15.55204	444.752422	444.762253	443.268892	443.26127	
15.56211	444.752422	444.762253	443.268892	443.26127	
15.57226	444.752422	444.762253	443.268892	443.26127	
15.58241	444.752422	444.762253	443.268892	443.26127	
15.59256	444.752422	444.762253	443.268892	443.26127	
15.60269	444.752422	444.762253	443.268892	443.26127	
15.6129	444.752422	444.762253	443.268892	443.26127	
15.62303	444.752422	444.762253	443.268892	443.26127	
15.63322	444.752422	444.762253	443.268892	443.26127	
15.64353	444.752422	444.762253	443.268892	443.26127	
15.65353	444.752422	444.762253	443.268892	443.26127	
15.66367	444.752422	444.762253	443.268892	443.26127	
15.67381	444.752422	444.762253	443.268892	443.26127	
15.68397	444.752422	444.762253	443.268892	443.26127	
15.69413	444.752422	444.762253	443.268892	443.26127	
15.70429	444.752422	444.762253	443.268892	443.26127	
15.71443	444.752422	444.762253	443.268892	443.26127	
15.72458	444.752422	444.762253	443.268892	443.26127	
15.7348	444.752422	444.762253	443.268892	443.26127	
15.74491	444.752422	444.762253	443.268892	443.26127	
15.75508	444.752422	444.762253	443.268892	443.26127	
15.76521	444.752422	444.762253	443.268892	443.26127	
15.77536	444.752422	444.762253	443.268892	443.26127	
15.78558	444.752422	444.762253	443.268892	443.26127	
15.79575	444.752422	444.762253	443.268892	443.26127	
15.80586	444.752422	444.762253	443.268892	443.26127	
15.81608	444.752422	444.762253	443.268892	443.26127	
15.82616	444.752422	444.762253	443.268892	443.26127	
15.83629	444.752422	444.762253	443.268892	443.26127	
15.84676	444.752422	444.762253	443.268892	443.26127	
15.85664	444.752422	444.762253	443.268892	443.26127	
15.86671	444.752422	444.762253	443.268892	443.26127	
15.87695	444.752422	444.762253	443.268892	443.26127	
15.88711	444.752422	444.762253	443.268892	443.26127	
15.89721	444.752422	444.762253	443.268892	443.26127	
15.90734	444.752422	444.762253	443.268892	443.26127	
15.91768	444.752422	444.762253	443.268892	443.26127	
15.92764	444.752422	444.762253	443.268892	443.26127	
15.93777	444.752422	444.762253	443.268892	443.26127	
15.94793	444.752422	444.762253	443.268892	443.26127	
15.97857	444.752422	444.762253	443.268892	443.26127	
