0.03386761	
0.03852655	
0.04858044	
0.05874032	
0.0688532	
0.07913009	
0.08919597	
0.09933685	
0.1095037	
0.1196276	
0.1298245	
0.1400374	
0.1501483	
0.1602881	
0.170438	
0.1805989	
0.1907988	
0.2009067	
0.2110416	
0.2212454	
0.2313753	
0.2415232	
0.2516651	
0.261771	
0.2720029	
0.2820967	
0.2922016	
0.3024005	
0.3126254	
0.3227583	
0.3328911	
0.343029	
0.3532069	
0.3633258	
0.3735257	
0.3836246	
0.3937734	
0.4039403	
0.4140432	
0.4242091	
0.434334	
0.4444919	
0.4547277	
0.4648126	
0.4749285	
0.4851504	
0.4953503	
0.5054072	
0.515492	
0.5256399	
0.5359678	
0.5461137	
0.5562576	
0.5664184	
0.5766123	
0.5866992	
0.5968491	
0.607032	
0.6171379	
0.6273467	
0.6375606	
0.6476435	
0.6580094	
0.6679953	
0.6785392	
0.688323	
0.6984329	
0.7086298	
0.7188107	
0.7289256	
0.7391154	
0.7492433	
0.7593642	
0.7695061	
0.779675	
0.7898029	
0.8000397	
0.8101226	
0.8203085	
0.8304654	
0.8406093	
0.8507722	
0.860928	
0.8711179	
0.8812418	
0.8913707	
0.9015756	
0.9116625	
0.9218503	
0.9320002	
0.9421691	
0.952355	
0.9624469	
0.9727627	
0.9829236	
0.9930295	
1.003169	
1.013353	
1.023476	
1.033579	
1.04377	
1.053881	
1.064068	
1.074157	
1.084326	
1.094461	
1.104608	
1.114744	
1.124878	
1.135148	
1.145233	
1.155342	
1.165509	
1.175615	
1.185758	
1.19589	
1.206032	
1.216256	
1.226358	
1.236572	
1.24677	
1.256853	
1.267013	
1.277165	
1.287322	
1.297464	
1.307626	
1.317822	
1.327962	
1.33813	
1.348297	
1.358441	
1.368571	
1.378739	
1.388902	
1.399102	
1.409213	
1.419361	
1.429542	
1.439669	
1.449804	
1.459928	
1.470132	
1.48035	
1.490414	
1.500623	
1.510827	
1.520904	
1.531064	
1.541216	
1.551397	
1.561529	
1.571674	
1.581835	
1.591994	
1.602174	
1.612325	
1.622514	
1.63267	
1.642813	
1.652944	
1.663126	
1.673246	
1.683378	
1.693558	
1.703725	
1.713814	
1.723961	
1.734088	
1.744337	
1.754416	
1.764543	
1.774778	
1.784837	
1.794973	
1.814444	
1.818793	
1.828943	
1.83914	
1.84928	
1.859423	
1.8696	
1.879732	
1.889881	
1.900044	
1.910224	
1.920403	
1.930572	
1.940694	
1.950943	
1.96097	
1.971179	
1.981337	
1.991479	
2.001602	
2.011748	
2.021929	
2.032077	
2.042186	
2.052379	
2.062512	
2.072661	
2.082811	
2.092952	
2.103113	
2.113243	
2.123413	
2.133553	
2.143734	
2.153836	
2.163979	
2.174114	
2.184323	
2.194387	
2.204535	
2.214734	
2.224842	
2.235052	
2.24517	
2.25529	
2.265411	
2.275547	
2.285672	
2.295827	
2.305981	
2.316297	
2.326279	
2.336539	
2.354435	
2.358821	
2.368869	
2.379048	
2.389202	
2.399365	
2.409513	
2.419787	
2.429841	
2.44001	
2.450119	
2.46031	
2.470432	
2.480581	
2.490698	
2.500877	
2.511076	
2.521176	
2.531325	
2.541783	
2.551927	
2.562066	
2.572202	
2.58236	
2.592606	
2.602713	
2.612851	
2.623037	
2.633106	
2.643436	
2.653465	
2.663555	
2.673768	
2.68384	
2.693978	
2.704147	
2.714265	
2.724446	
2.734566	
2.744742	
2.75488	
2.765114	
2.77524	
2.785314	
2.79559	
2.805623	
2.815752	
2.825878	
2.836022	
2.846183	
2.856418	
2.866518	
2.876666	
2.886822	
2.896931	
2.907094	
2.917236	
2.927404	
2.937514	
2.947698	
2.958052	
2.968026	
2.978186	
2.988356	
2.998486	
3.008634	
3.01878	
3.028958	
3.039109	
3.04925	
3.059399	
3.069614	
3.079739	
3.08986	
3.100017	
3.110168	
3.128163	
3.132466	
3.142665	
3.152778	
3.16292	
3.173093	
3.183224	
3.193369	
3.203503	
3.213724	
3.223799	
3.233941	
3.244079	
3.255923	
3.272203	
3.284418	
3.288744	
3.298927	
3.309097	
3.319263	
3.329392	
3.339525	
3.349728	
3.359844	
3.369984	
3.38018	
3.390314	
3.400536	
3.410637	
3.420784	
3.431046	
3.441095	
3.451247	
3.461389	
3.471567	
3.481725	
3.491832	
3.502032	
3.512175	
3.52232	
3.53246	
3.54263	
3.552763	
3.562905	
3.57304	
3.583445	
3.593339	
3.603473	
3.613716	
3.623767	
3.634198	
3.644051	
3.654179	
3.664351	
3.674455	
3.684596	
3.694767	
3.704895	
3.715104	
3.725225	
3.735423	
3.75441	
3.758714	
3.768867	
3.779035	
3.789159	
3.799374	
3.819052	
3.823442	
3.833542	
3.843717	
3.853866	
3.863977	
3.874118	
3.884266	
3.894448	
3.904666	
3.914745	
3.924886	
3.943055	
3.947421	
3.957603	
3.967727	
3.977871	
3.987992	
3.998204	
4.008365	
4.018551	
4.028809	
4.038845	
4.048965	
4.05919	
4.06933	
4.079493	
4.089645	
4.099772	
4.109996	
4.120098	
4.130241	
4.140395	
4.150579	
4.160746	
4.170886	
4.181035	
4.191234	
4.201333	
4.211632	
4.221663	
4.231803	
4.241933	
4.252075	
4.262234	
4.272416	
4.282613	
4.292698	
4.302902	
4.313223	
4.323226	
4.333337	
4.343511	
4.35362	
4.36376	
4.374004	
4.384044	
4.394179	
4.404327	
4.414483	
4.424718	
4.434811	
4.444942	
4.455286	
4.46528	
4.475411	
4.485504	
4.495992	
4.505826	
4.515972	
4.526182	
4.536285	
4.546435	
4.556721	
4.566911	
4.577025	
4.587193	
4.597335	
4.607577	
4.617644	
4.62799	
4.638013	
4.648115	
4.658275	
4.668407	
4.678577	
4.688739	
4.698885	
4.709054	
4.719281	
4.729353	
4.73952	
4.749735	
4.759794	
4.769929	
4.780064	
4.79021	
4.800385	
4.810516	
4.820716	
4.830828	
4.841015	
4.851164	
4.861301	
4.871509	
4.881603	
4.891763	
4.90194	
4.912052	
4.922199	
4.932338	
4.942693	
4.95271	
4.962778	
4.97292	
4.983188	
4.993195	
5.011814	
5.016167	
5.026308	
5.036468	
5.046973	
5.056808	
5.066917	
5.077086	
5.08733	
5.097485	
5.107622	
5.11785	
5.127943	
5.138057	
5.148248	
5.158441	
5.168649	
5.178718	
5.188876	
5.199073	
5.209192	
5.219335	
5.229487	
5.239651	
5.249785	
5.259977	
5.270135	
5.280256	
5.290374	
5.300545	
5.310751	
5.321086	
5.331229	
5.34136	
5.351538	
5.361807	
5.371926	
5.382116	
5.392231	
5.402375	
5.41251	
5.422713	
5.432895	
5.443028	
5.453159	
5.463531	
5.473468	
5.483608	
5.49382	
5.50396	
5.514031	
5.524179	
5.53447	
5.544458	
5.554618	
5.564738	
5.57494	
5.58513	
5.595241	
5.605321	
5.615833	
5.625638	
5.635774	
5.645961	
5.656031	
5.666217	
5.67636	
5.686738	
5.69689	
5.707051	
5.717208	
5.727409	
5.737522	
5.749685	
5.757817	
5.767897	
5.778233	
5.788167	
5.798433	
5.808898	
5.819067	
5.829149	
5.839399	
5.849484	
5.859631	
5.869844	
5.879951	
5.89009	
5.900229	
5.910391	
5.920496	
5.930698	
5.940814	
5.950973	
5.961105	
5.971245	
5.981398	
5.991551	
6.001717	
6.01184	
6.022017	
6.032163	
6.04225	
6.052448	
6.062604	
6.072815	
6.082872	
6.093047	
6.103241	
6.113326	
6.123478	
6.133592	
6.143829	
6.153868	
6.164281	
6.174219	
6.184314	
6.194648	
6.204605	
6.214749	
6.224932	
6.235122	
6.245241	
6.255412	
6.265485	
6.275618	
6.285717	
6.295923	
6.30608	
6.316203	
6.326385	
6.336599	
6.346703	
6.356889	
6.367029	
6.377167	
6.387332	
6.397481	
6.407726	
6.417801	
6.427957	
6.438164	
6.44828	
6.458423	
6.468565	
6.478734	
6.48896	
6.499069	
6.509457	
6.519467	
6.529544	
6.539657	
6.549827	
6.560004	
6.570141	
6.580279	
6.590435	
6.600589	
6.610731	
6.620931	
6.631059	
6.641198	
6.651334	
6.66144	
6.671659	
6.681758	
6.6919	
6.702083	
6.7122	
6.722376	
6.732495	
6.742666	
6.753815	
6.763868	
6.774066	
6.784144	
6.794281	
6.804456	
6.814594	
6.824855	
6.834911	
6.845128	
6.855269	
6.86541	
6.87546	
6.885643	
6.895805	
6.905933	
6.916068	
6.926237	
6.936331	
6.946546	
6.95669	
6.966836	
6.97703	
6.987119	
6.997325	
7.007541	
7.017609	
7.027784	
7.0379	
7.048081	
7.058216	
7.068367	
7.078538	
7.088692	
7.098843	
7.109012	
7.119155	
7.129299	
7.139486	
7.149639	
7.159834	
7.169949	
7.180046	
7.190261	
7.200396	
7.210527	
7.220683	
7.230851	
7.2411	
7.251176	
7.261318	
7.271549	
7.281618	
7.291733	
7.301896	
7.312061	
7.322394	
7.332422	
7.342616	
7.352731	
7.362875	
7.373022	
7.383167	
7.393294	
7.403432	
7.413557	
7.423767	
7.433884	
7.443985	
7.454223	
7.4643	
7.474447	
7.484599	
7.494742	
7.504965	
7.515086	
7.525241	
7.535362	
7.545484	
7.555644	
7.565763	
7.57593	
7.58606	
7.596189	
7.606389	
7.616564	
7.626696	
7.636851	
7.647022	
7.657205	
7.667346	
7.67751	
7.687695	
7.697816	
7.707961	
7.718188	
7.728243	
7.73844	
7.748577	
7.75877	
7.768942	
7.778995	
7.789134	
7.799295	
7.809469	
7.819784	
7.829767	
7.839935	
7.850101	
7.860242	
7.870461	
7.880563	
7.890716	
7.900845	
7.910994	
7.921161	
7.931338	
7.941443	
7.951687	
7.961726	
7.971947	
7.982098	
7.992192	
8.002376	
8.012504	
8.022682	
8.032822	
8.042901	
8.053108	
8.063226	
8.073376	
8.083517	
8.093636	
8.103845	
8.113935	
8.124072	
8.134249	
8.144358	
8.154485	
8.164621	
8.174774	
8.184979	
8.202965	
8.207282	
8.217439	
8.227584	
8.23774	
8.24794	
8.259851	
8.26816	
8.278329	
8.288448	
8.298615	
8.308771	
8.318919	
8.329177	
8.339286	
8.34943	
8.359723	
8.369761	
8.379903	
8.390132	
8.400243	
8.41039	
8.420524	
8.430679	
8.440848	
8.450989	
8.461133	
8.471295	
8.481439	
8.491588	
8.501751	
8.511899	
8.522036	
8.53218	
8.542315	
8.552468	
8.562617	
8.572757	
8.582901	
8.593112	
8.60322	
8.613316	
8.623536	
8.633612	
8.64377	
8.653945	
8.664044	
8.67418	
8.684312	
8.694468	
8.704626	
8.714744	
8.724888	
8.742945	
8.747276	
8.766672	
8.770991	
8.781167	
8.791285	
8.801582	
8.811623	
8.821943	
8.831934	
8.84206	
8.852241	
8.862405	
8.872603	
8.882737	
8.892872	
8.903024	
8.913272	
8.923371	
8.933499	
8.943738	
8.954217	
8.963947	
8.974064	
8.984189	
8.994316	
9.004487	
9.014733	
9.02476	
9.034897	
9.045125	
9.055235	
9.065403	
9.075492	
9.085633	
9.095832	
9.105931	
9.116065	
9.126302	
9.136398	
9.146596	
9.156664	
9.167137	
9.177276	
9.18739	
9.197543	
9.207748	
9.217878	
9.22807	
9.238232	
9.248374	
9.258503	
9.268655	
9.27882	
9.288936	
9.299135	
9.309289	
9.319439	
9.329654	
9.339746	
9.349902	
9.3601	
9.370218	
9.380352	
9.390531	
9.400668	
9.410806	
9.420962	
9.431197	
9.441393	
9.451516	
9.461662	
9.471877	
9.481966	
9.49213	
9.502287	
9.512398	
9.522617	
9.532754	
9.542891	
9.553097	
9.563201	
9.573327	
9.5835	
9.593611	
9.603779	
9.613949	
9.624091	
9.634201	
9.644364	
9.654529	
9.664647	
9.674781	
9.684923	
9.695124	
9.705274	
9.715671	
9.725523	
9.73567	
9.746029	
9.757926	
9.766039	
9.776179	
9.786302	
9.796881	
9.816212	
9.820558	
9.830735	
9.840847	
9.851073	
9.861221	
9.871373	
9.881499	
9.89166	
9.901789	
9.911978	
9.922061	
9.932245	
9.942382	
9.952589	
9.962732	
9.972852	
9.983018	
9.993136	
10.00328	
10.01342	
10.02363	
10.03376	
10.04383	
10.05397	
10.06419	
10.07428	
10.08452	
10.09462	
10.10474	
10.11487	
10.12507	
10.13524	
10.14545	
10.15549	
10.16567	
10.17587	
10.18593	
10.19603	
10.20622	
10.21636	
10.22658	
10.2367	
10.24681	
10.25723	
10.26734	
10.27749	
10.28762	
10.2978	
10.30795	
10.31811	
10.32828	
10.33841	
10.34856	
10.35875	
10.36889	
10.37902	
10.38919	
10.39934	
10.40951	
10.41967	
10.42982	
10.44003	
10.45012	
10.46027	
10.47049	
10.48061	
10.49075	
10.50088	
10.51103	
10.52123	
10.53133	
10.54165	
10.55189	
10.56196	
10.57209	
10.58227	
10.59241	
10.60258	
10.6127	
10.62285	
10.63301	
10.64317	
10.65332	
10.66345	
10.67358	
10.68417	
10.69395	
10.70407	
10.71416	
10.7243	
10.73453	
10.74459	
10.75475	
10.76492	
10.7769	
10.78528	
10.79535	
10.8055	
10.81564	
10.82598	
10.83594	
10.84608	
10.85627	
10.86636	
10.87657	
10.88672	
10.89688	
10.90703	
10.91717	
10.92735	
10.9375	
10.94768	
10.95783	
10.96806	
10.97814	
10.98826	
10.99851	
11.00862	
11.01874	
11.02891	
11.03904	
11.04926	
11.05936	
11.06951	
11.07968	
11.08983	
11.09998	
11.11018	
11.12033	
11.13046	
11.14058	
11.15078	
11.16093	
11.17109	
11.18122	
11.19136	
11.20157	
11.21173	
11.22186	
11.23209	
11.24219	
11.25231	
11.2625	
11.27263	
11.28278	
11.29286	
11.30306	
11.31323	
11.32351	
11.33354	
11.34364	
11.35379	
11.36393	
11.37407	
11.38425	
11.39436	
11.4045	
11.41467	
11.42479	
11.43494	
11.44514	
11.45524	
11.46544	
11.4755	
11.48564	
11.49579	
11.50593	
11.51606	
11.52627	
11.53637	
11.54661	
11.55666	
11.56714	
11.57723	
11.58738	
11.59755	
11.60765	
11.61784	
11.62802	
11.63815	
11.64836	
11.65846	
11.66863	
11.67881	
11.68894	
11.69908	
11.70924	
11.71949	
11.72966	
11.73982	
11.74996	
11.76212	
11.77025	
11.78037	
11.79057	
11.80065	
11.81084	
11.82097	
11.83114	
11.84136	
11.85147	
11.86161	
11.87178	
11.88188	
11.89208	
11.90221	
11.91243	
11.92248	
11.93291	
11.94284	
11.953	
11.96312	
11.97327	
11.98346	
11.9936	
12.00378	
12.01395	
12.02413	
12.03417	
12.04434	
12.05447	
12.06461	
12.07474	
12.08488	
12.09511	
12.10524	
12.11534	
12.12546	
12.13598	
12.14575	
12.15594	
12.16605	
12.17624	
12.18632	
12.19695	
12.20675	
12.21684	
12.22699	
12.23713	
12.24732	
12.25756	
12.26763	
12.27779	
12.28797	
12.2981	
12.30827	
12.31841	
12.32877	
12.33889	
12.34905	
12.35925	
12.36937	
12.37952	
12.38967	
12.3998	
12.41	
12.42015	
12.43029	
12.4405	
12.45057	
12.46078	
12.47093	
12.48108	
12.49122	
12.50133	
12.51158	
12.52174	
12.53188	
12.54202	
12.55219	
12.56231	
12.57244	
12.58264	
12.59275	
12.60289	
12.61304	
12.62317	
12.63332	
12.64346	
12.6536	
12.66376	
12.67396	
12.68406	
12.69418	
12.70438	
12.71447	
12.72461	
12.7348	
12.74492	
12.75513	
12.77525	
12.77958	
12.78972	
12.79986	
12.81006	
12.8202	
12.83034	
12.84054	
12.85068	
12.86083	
12.87098	
12.88116	
12.89128	
12.90143	
12.9116	
12.92176	
12.9319	
12.94199	
12.95225	
12.96233	
12.97247	
12.98266	
12.99275	
13.00295	
13.01307	
13.02323	
13.03338	
13.04346	
13.05364	
13.0638	
13.07395	
13.08406	
13.09423	
13.10443	
13.11451	
13.12466	
13.13485	
13.14496	
13.16295	
13.16729	
13.17745	
13.1876	
13.19782	
13.20795	
13.2181	
13.22821	
13.23841	
13.24859	
13.26041	
13.26882	
13.27897	
13.28911	
13.2993	
13.30945	
13.3196	
13.33002	
13.34014	
13.35029	
13.3605	
13.37061	
13.38075	
13.39094	
13.40108	
13.41124	
13.42138	
13.43154	
13.44176	
13.45188	
13.46201	
13.47224	
13.48233	
13.49246	
13.50263	
13.51281	
13.52293	
13.53306	
13.54317	
13.55335	
13.56349	
13.57365	
13.58378	
13.59395	
13.60407	
13.61422	
13.62442	
13.6345	
13.64466	
13.65483	
13.66494	
13.68295	
13.68729	
13.69743	
13.70758	
13.71781	
13.72793	
13.73807	
13.74822	
13.75834	
13.76997	
13.77898	
13.7891	
13.79926	
13.80943	
13.81959	
13.82976	
13.8399	
13.85007	
13.86021	
13.87037	
13.88056	
13.89068	
13.90082	
13.91102	
13.92111	
13.93131	
13.94141	
13.95159	
13.96181	
13.9719	
13.98205	
13.99222	
14.00237	
14.0125	
14.02268	
14.03279	
14.04292	
14.05311	
14.06323	
14.07346	
14.08355	
14.09377	
14.10386	
14.11399	
14.12414	
14.13431	
14.14448	
14.15458	
14.16472	
14.17489	
14.18507	
14.19522	
14.20532	
14.21545	
14.22559	
14.23684	
14.24595	
14.25608	
14.26628	
14.27636	
14.29479	
14.29915	
14.30932	
14.31947	
14.32983	
14.33991	
14.34996	
14.36011	
14.37026	
14.38036	
14.39055	
14.40075	
14.41086	
14.42101	
14.43113	
14.44134	
14.45148	
14.46162	
14.47179	
14.48197	
14.49205	
14.50223	
14.51244	
14.52253	
14.53269	
14.54279	
14.55317	
14.56313	
14.57326	
14.58341	
14.59354	
14.60372	
14.61383	
14.62398	
14.63411	
14.64425	
14.65441	
14.66459	
14.6747	
14.68483	
14.69505	
14.70518	
14.71527	
14.72541	
14.73555	
14.74572	
14.75584	
14.76656	
14.77618	
14.78629	
14.79654	
14.81509	
14.81944	
14.82962	
14.83981	
14.84995	
14.86013	
14.8703	
14.88053	
14.89059	
14.90074	
14.91094	
14.92106	
14.93121	
14.94132	
14.95152	
14.96167	
14.97181	
14.98198	
14.99209	
15.00229	
15.0124	
15.02264	
15.03282	
15.04288	
15.05307	
15.06324	
15.07343	
15.08361	
15.09372	
15.10384	
15.1143	
15.12414	
15.13426	
15.14451	
15.15455	
15.16472	
15.17485	
15.1851	
15.19522	
15.20531	
15.21547	
15.2256	
15.23574	
15.24591	
15.25603	
15.26617	
15.27632	
15.28652	
15.29671	
15.30676	
15.31693	
15.32711	
15.33728	
15.34741	
15.35758	
15.36774	
15.37796	
15.38975	319.893924	319.892672	321.351274	321.350022	
15.39988	319.895561	319.892672	321.352911	321.350022	
15.41005	319.897831	319.892672	321.355181	321.350022	
15.42016	319.900696	319.901399	321.358046	321.358749	
15.43037	319.904218	319.910125	321.361568	321.367475	
15.44059	319.908373	319.918852	321.365723	321.367475	
15.45067	319.913074	319.936305	321.370424	321.376202	
15.4608	319.91842	319.945032	321.37577	321.384928	
15.47093	319.924374	319.962485	321.381724	321.402382	
15.48114	319.93101	319.971212	321.38836	321.411108	
15.49136	319.938282	319.988665	321.395632	321.419835	
15.50152	319.946122	319.988665	321.403472	321.437288	
15.5117	319.954596	319.988665	321.411946	321.454742	
15.52195	319.963766	319.988665	321.421116	321.472195	
15.53198	319.973339	319.979938	321.430689	321.489648	
15.54231	319.98384	319.988665	321.44119	321.498375	
15.5526	319.994943	319.988665	321.452293	321.507102	
15.56263	320.006361	319.997392	321.463711	321.507102	
15.57278	320.018531	320.006118	321.475881	321.507102	
15.58304	320.031484	320.014845	321.488834	321.507102	
15.59343	320.045238	320.023572	321.502587	321.515828	
15.60326	320.058801	320.041025	321.516151	321.515828	
15.61339	320.073419	320.049752	321.530769	321.524555	
15.62353	320.088676	320.067205	321.546026	321.524555	
15.63386	320.10487	320.084658	321.56222	321.542008	
15.64385	320.121092	320.102111	321.578442	321.550735	
15.65405	320.138304	320.110838	321.595654	321.559461	
15.66417	320.155975	320.137018	321.613325	321.568188	
15.67429	320.174279	320.145745	321.631629	321.585641	
15.68483	320.194041	320.171925	321.651391	321.594368	
15.69498	320.213645	320.189378	321.670995	321.611821	
15.70486	320.233317	320.206831	321.690667	321.629275	
15.71494	320.253996	320.224285	321.711345	321.646728	
15.73306	320.293594	320.241738	321.750944	321.681634	
15.73764	320.303523	320.267918	321.760873	321.690361	
15.74777	320.326326	320.285371	321.783676	321.707814	
15.75796	320.349849	320.311551	321.807199	321.733994	
15.76845	320.375151	320.337731	321.832501	321.760174	
15.77824	320.398585	320.355184	321.855935	321.786354	
15.78839	320.423889	320.381364	321.881239	321.812534	
15.79859	320.44996	320.407544	321.907309	321.838714	
15.80892	320.476972	320.433724	321.934322	321.873621	
15.81898	320.503871	320.459904	321.961221	321.908527	
15.83943	320.561774	320.52099	322.019124	321.969614	
15.84397	320.574524	320.529717	322.031874	321.97834	
15.85414	320.603897	320.564624	322.061247	322.013247	
15.86427	320.633759	320.590804	322.091109	322.048154	
15.8744	320.664238	320.62571	322.121588	322.08306	
15.88457	320.695471	320.660617	322.152821	322.117967	
15.89637	320.732628	320.695523	322.189978	322.1616	
15.90492	320.759828	320.73043	322.217178	322.196507	
15.91508	320.792874	320.765337	322.250224	322.231413	
15.92529	320.82674	320.800243	322.284089	322.275046	
15.93532	320.860566	320.843876	322.317916	322.309953	
15.94576	320.89647	320.878783	322.35382	322.353586	
15.95559	320.930825	320.91369	322.388175	322.397219	
15.96574	320.966915	320.957323	322.424265	322.432126	
15.97591	321.003727	321.000956	322.461077	322.475759	
15.98609	321.041152	321.035863	322.498502	322.519392	
15.99762	321.084445	321.079496	322.541795	322.571752	
16.00642	321.117864	321.123129	322.575214	322.606659	
16.02449	321.188924	321.201669	322.646274	322.676472	
16.02905	321.206816	321.219122	322.664166	322.693925	
16.0392	321.24737	321.262755	322.70472	322.737559	
16.04933	321.288508	321.306389	322.745858	322.781192	
16.05948	321.330317	321.350022	322.787667	322.824825	
16.06963	321.372744	321.393655	322.830094	322.868458	
16.07981	321.415907	321.437288	322.873257	322.912092	
16.08999	321.459721	321.489648	322.917071	322.955725	
16.10071	321.506593	321.533281	322.963943	322.999358	
16.11048	321.549797	321.576915	323.007147	323.042991	
16.12073	321.595775	321.620548	323.053125	323.086624	
16.13083	321.641695	321.672908	323.099045	323.130258	
16.14093	321.688241	321.716541	323.145591	323.173891	
16.15117	321.73609	321.760174	323.19344	323.217524	
16.16129	321.783956	321.803807	323.241306	323.269884	
16.17144	321.832554	321.856167	323.289904	323.304791	
16.18158	321.881779	321.899801	323.339129	323.357151	
16.19172	321.931576	321.95216	323.388926	323.400784	
16.20202	321.982872	321.995794	323.440222	323.444417	
16.21212	322.033682	322.048154	323.491032	323.496777	
16.22236	322.085892	322.091787	323.543242	323.54041	
16.2326	322.138731	322.13542	323.596081	323.584043	
16.24294	322.193098	322.18778	323.650448	323.636403	
16.2528	322.244757	322.24014	323.702107	323.688763	
16.26294	322.29887	322.2925	323.75622	323.732396	
16.27309	322.353697	322.34486	323.811047	323.784756	
16.28324	322.409121	322.388493	323.866471	323.828389	
16.29333	322.464921	322.440853	323.922271	323.889476	
16.3039	322.523945	322.493213	323.981295	323.941836	
16.31377	322.579668	322.545572	324.037017	323.994196	
16.32387	322.637244	322.597932	324.094593	324.046556	
16.33405	322.696174	322.650292	324.153524	324.107642	
16.34442	322.756443	322.702652	324.213792	324.160002	
16.35432	322.814732	322.763739	324.272082	324.212362	
16.36444	322.874962	322.816098	324.332312	324.282175	
16.37459	322.935924	322.868458	324.393274	324.334535	
16.38476	322.997693	322.929545	324.455043	324.395621	
16.39488	323.059773	322.990631	324.517122	324.456708	
16.40538	323.124831	323.051718	324.582181	324.526521	
16.41529	323.186748	323.112804	324.644098	324.587608	
16.4254	323.250579	323.182618	324.707929	324.657421	
16.43553	323.315192	323.243704	324.772541	324.718507	
16.44591	323.382066	323.313517	324.839416	324.788321	
16.45585	323.446608	323.374604	324.903958	324.858134	
16.46607	323.513664	323.444417	324.971014	324.927947	
16.47614	323.580266	323.522957	325.037616	324.99776	
16.48624	323.647774	323.59277	325.105124	325.067573	
16.49646	323.716674	323.67131	325.174024	325.146113	
16.50668	323.78622	323.741123	325.24357	325.215926	
16.51681	323.855734	323.810936	325.313084	325.294466	
16.52693	323.925785	323.889476	325.383135	325.364279	
16.5371	323.996854	323.968016	325.454204	325.434092	
16.54728	324.068537	324.055282	325.525887	325.512632	
16.55742	324.140639	324.125095	325.597989	325.599899	
16.56757	324.21341	324.212362	325.67076	325.678438	
16.57774	324.286909	324.290902	325.744259	325.748252	
16.58787	324.360725	324.369441	325.818075	325.826791	
16.59807	324.435752	324.456708	325.893102	325.914058	
16.60867	324.5144	324.535248	325.971749	325.992598	
16.61838	324.586889	324.613788	326.044239	326.071138	
16.62854	324.663441	324.692327	326.120791	326.158404	
16.63871	324.740713	324.779594	326.198063	326.236944	
16.64887	324.818497	324.858134	326.275847	326.32421	
16.65903	324.896862	324.9454	326.354212	326.40275	
16.66917	324.975735	325.02394	326.433085	326.490017	
16.67939	325.055891	325.10248	326.513241	326.568556	
16.6895	325.135708	325.189746	326.593058	326.655823	
16.69961	325.21621	325.277013	326.67356	326.734363	
16.7099	325.298802	325.355553	326.756152	326.821629	
16.72002	325.380525	325.434092	326.837875	326.900169	
16.73024	325.46376	325.521359	326.92111	326.987435	
16.74036	325.5468	325.599899	327.00415	327.065975	
16.75051	325.630706	325.687165	327.088055	327.144515	
16.76074	325.715945	325.765705	327.173295	327.231781	
16.77118	325.806004	325.852971	327.263354	327.310321	
16.78098	325.886298	325.931511	327.343648	327.388861	
16.79109	325.972325	326.010051	327.429675	327.467401	
16.80124	326.059346	326.097317	327.516696	327.545941	
16.81166	326.149351	326.184584	327.6067	327.633207	
16.82159	326.235597	326.254397	327.692947	327.711747	
16.83187	326.3256	326.341664	327.78295	327.790287	
16.84193	326.41426	326.42893	327.87161	327.877553	
16.85208	326.504352	326.50747	327.961701	327.947366	
16.86225	326.595206	326.594736	328.052556	328.034633	
16.8724	326.686517	326.673276	328.143867	328.113173	
16.88259	326.778803	326.760543	328.236153	328.191713	
16.89271	326.871113	326.847809	328.328463	328.278979	
16.90303	326.965911	326.926349	328.423261	328.366245	
16.91315	327.059473	327.022342	328.516823	328.453512	
16.92322	327.153029	327.100882	328.610379	328.540778	
16.93337	327.248025	327.188148	328.705375	328.628045	
16.94347	327.343219	327.284141	328.800569	328.715311	
16.95365	327.439868	327.371408	328.897218	328.802578	
16.96382	327.53689	327.458674	328.99424	328.898571	
16.97395	327.634163	327.554667	329.091513	328.994564	
16.98408	327.73213	327.65066	329.18948	329.08183	
16.99423	327.830879	327.737927	329.288229	329.177824	
17.00448	327.931195	327.842647	329.388545	329.273817	
17.0146	328.030959	327.929913	329.488309	329.378536	
17.02478	328.131817	328.034633	329.589167	329.483256	
17.03483	328.23202	328.139353	329.689369	329.587976	
17.04496	328.333577	328.244072	329.790927	329.683969	
17.06348	328.521972	328.340066	329.979322	329.875955	
17.06803	328.568132	328.479692	330.025482	329.928315	
17.07821	328.672283	328.593138	330.129633	330.041762	
17.08834	328.7766	328.697858	330.233949	330.146481	
17.09845	328.88124	328.811304	330.338589	330.268654	
17.10863	328.98727	328.924751	330.44462	330.382101	
17.11887	329.094609	329.046924	330.551959	330.495547	
17.12904	329.201696	329.16037	330.659046	330.608994	
17.13914	329.308708	329.282543	330.766058	330.731167	
17.14926	329.416589	329.39599	330.873939	330.844613	
17.15949	329.526329	329.518163	330.983679	330.966786	
17.16964	329.635719	329.640336	331.093069	331.088959	
17.17977	329.745519	329.762509	331.202869	331.211132	
17.18994	329.856385	329.884682	331.313735	331.333305	
17.20007	329.965567	330.006855	331.422917	331.446752	
17.21028	330.075135	330.129028	331.532485	331.568925	
17.22049	330.184035	330.251201	331.641385	331.691098	
17.23061	330.291238	330.373374	331.748588	331.813271	
17.24085	330.399136	330.495547	331.856486	331.926717	
17.25088	330.504276	330.61772	331.961626	332.04889	
17.26107	330.61058	330.739893	332.06793	332.171063	
17.27128	330.716386	330.862066	332.173736	332.293236	
17.2814	330.820597	330.975513	332.277947	332.406683	
17.29149	330.924024	331.097686	332.381374	332.520129	
17.30165	331.027436	331.211132	332.484786	332.633575	
17.31183	331.130573	331.324579	332.587923	332.747022	
17.3221	331.233907	331.438025	332.691257	332.860468	
17.33235	331.336492	331.551471	332.793842	332.973915	
17.34232	331.435591	331.656191	332.89294	333.078634	
17.35246	331.53582	331.760911	332.993169	333.183354	
17.36293	331.639357	331.865631	333.096706	333.288074	
17.37281	331.735256	331.97035	333.192605	333.392794	
17.38293	331.833416	332.066343	333.290766	333.488787	
17.39312	331.93172	332.15361	333.38907	333.58478	
17.40324	332.028654	332.249603	333.486004	333.672046	
17.41334	332.124968	332.33687	333.582318	333.76804	
17.42364	332.222462	332.432863	333.679812	333.855306	
17.43378	332.317796	332.502676	333.775146	333.942572	
17.44388	332.412221	332.589942	333.869571	334.021112	
17.45398	332.506046	332.659755	333.963396	334.108379	
17.46444	332.60257	332.738295	334.059919	334.186919	
17.47434	332.693376	332.808108	334.150726	334.265458	
17.48447	332.785591	332.877922	334.242941	334.335272	
17.4946	332.877329	332.947735	334.334679	334.405085	
17.50481	332.969068	333.008821	334.426418	334.474898	
17.51489	333.059135	333.078634	334.516485	334.544711	
17.52519	333.150466	333.139721	334.607816	334.614524	
17.53528	333.239378	333.200807	334.696728	334.675611	
17.54544	333.328333	333.270621	334.785683	334.745424	
17.5555	333.415717	333.331707	334.873067	334.80651	
17.56591	333.505592	333.392794	334.962942	334.876324	
17.57583	333.590597	333.45388	335.047947	334.93741	
17.58601	333.677249	333.514967	335.134599	334.998497	
17.59613	333.762834	333.58478	335.220184	335.06831	
17.60626	333.847883	333.654593	335.305233	335.138123	
17.61644	333.932684	333.724406	335.390034	335.207936	
17.62669	334.01754	333.794219	335.47489	335.277749	
17.63677	334.100276	333.864033	335.557626	335.347562	
17.64693	334.183151	333.942572	335.640501	335.417376	
17.65711	334.265564	334.021112	335.722914	335.487189	
17.66727	334.347274	334.108379	335.804624	335.565729	
17.67743	334.428236	334.178192	335.885586	335.652995	
17.68768	334.509415	334.265458	335.966765	335.731535	
17.69777	334.588704	334.352725	336.046054	335.810075	
17.70791	334.667734	334.439991	336.125084	335.897341	
17.71808	334.746484	334.527258	336.203834	335.975881	
17.72833	334.825211	334.623251	336.282561	336.071874	
17.73845	334.902215	334.719244	336.359565	336.167867	
17.7486	334.979016	334.815237	336.436366	336.255134	
17.75874	335.05502	334.91123	336.512369	336.359853	
17.76896	335.131031	335.01595	336.588381	336.455847	
17.7797	335.210271	335.12067	336.667621	336.560566	
17.78981	335.284327	335.216663	336.741677	336.656559	
17.79995	335.357841	335.321383	336.815191	336.752553	
17.82165	335.511926	335.522095	336.969276	336.961992	
17.82648	335.546259	335.574455	337.003609	337.023079	
17.83654	335.617147	335.679175	337.074497	337.127798	
17.84668	335.687994	335.783895	337.145344	337.223791	
17.85683	335.758239	335.879888	337.215589	337.328511	
17.86717	335.829231	335.975881	337.286581	337.424504	
17.87732	335.898261	336.063147	337.355611	337.511771	
17.88751	335.967042	336.167867	337.424392	337.616491	
17.89768	336.035083	336.255134	337.492433	337.703757	
17.90779	336.102028	336.3424	337.559378	337.791023	
17.91794	336.168714	336.42094	337.626064	337.87829	
17.92822	336.235632	336.508206	337.692982	337.95683	
17.93836	336.300979	336.586746	337.758329	338.03537	
17.94851	336.36587	336.656559	337.82322	338.105183	
17.95866	336.430115	336.726373	337.887465	338.174996	
17.96887	336.494093	336.796186	337.951443	338.244809	
17.97898	336.556954	336.857272	338.014304	338.305896	
17.9891	336.619151	336.918359	338.076501	338.366982	
17.99936	336.681706	336.979445	338.139056	338.419342	
18.00946	336.742629	337.040532	338.199979	338.471702	
18.01958	336.803087	337.092892	338.260437	338.524062	
18.02985	336.863856	337.145252	338.321206	338.576422	
18.03994	336.922937	337.188885	338.380287	338.628781	
18.05014	336.982041	337.215065	338.439391	338.663688	
18.06025	337.040053	337.249971	338.497403	338.707321	
18.07059	337.0988	337.267425	338.556149	338.742228	
18.08057	337.15487	337.284878	338.61222	338.785861	
18.09071	337.211187	337.293605	338.668537	338.820768	
18.10087	337.267134	337.311058	338.724484	338.846948	
18.11103	337.322403	337.319785	338.779753	338.881854	
18.12118	337.376993	337.337238	338.834343	338.908034	
18.13144	337.431638	337.354691	338.888987	338.942941	
18.14151	337.484655	337.380871	338.942005	338.969121	
18.15172	337.537767	337.398324	338.995117	338.995301	
18.16183	337.589779	337.424504	339.047129	339.012754	
18.17194	337.641221	337.450684	339.098571	339.04766	
18.18213	337.692469	337.476864	339.149819	339.065114	
18.19235	337.743231	337.494317	339.20058	339.082567	
18.20251	337.793366	337.529224	339.250716	339.10002	
18.2127	337.842534	337.555404	339.299884	339.117474	
18.22303	337.89206	337.590311	339.34941	339.134927	
18.2331	337.939702	337.625217	339.397052	339.15238	
18.24315	337.986637	337.660124	339.443987	339.169834	
18.2533	338.033507	337.703757	339.490857	339.196013	
18.26534	338.088161	337.74739	339.54551	339.222193	
18.27569	338.134572	337.79975	339.591922	339.2571	
18.28546	338.177812	337.843383	339.635162	339.28328	
18.2956	338.222123	337.90447	339.679473	339.326913	
18.3057	338.265657	337.948103	339.723007	339.36182	
18.31583	338.308772	338.017916	339.766122	339.405453	
18.32601	338.35146	338.070276	339.80881	339.457813	
18.33639	338.394378	338.140089	339.851728	339.510173	
18.34659	338.435895	338.201176	339.893245	339.571259	
18.35671	338.476542	338.270989	339.933892	339.632346	
18.36682	338.516565	338.340802	339.973915	339.693432	
18.37725	338.557179	338.419342	340.014529	339.763245	
18.38734	338.59594	338.489155	340.05329	339.833059	
18.3975	338.634331	338.558968	340.091681	339.902872	
18.40768	338.672211	338.637508	340.129561	339.981412	
18.41779	338.709254	338.707321	340.166604	340.051225	
18.42797	338.745976	338.785861	340.203326	340.129765	
18.43832	338.782795	338.855674	340.240145	340.208304	
18.44837	338.817705	338.925487	340.275055	340.286844	
18.45852	338.852504	338.995301	340.309854	340.365384	
18.46866	338.886675	339.07384	340.344025	340.443924	
18.47885	338.920442	339.143654	340.377792	340.513737	
18.48903	338.953572	339.20474	340.410922	340.58355	
18.49915	338.985914	339.274553	340.443264	340.653363	
18.50931	339.017764	339.33564	340.475114	340.723177	
18.5197	339.049783	339.396726	340.507133	340.784263	
18.52963	339.079751	339.449086	340.537101	340.84535	
18.53982	339.109979	339.510173	340.567329	340.897709	
18.54996	339.139421	339.553806	340.596771	340.950069	
18.56015	339.168403	339.588713	340.625753	341.002429	
18.57034	339.19684	339.623619	340.654189	341.037336	
18.58047	339.224514	339.641072	340.681864	341.072242	
18.59062	339.251634	339.658526	340.708984	341.098422	
18.60085	339.278388	339.658526	340.735738	341.115876	
18.61094	339.304169	339.667252	340.761519	341.124602	
18.62104	339.329421	339.658526	340.786771	341.133329	
18.63124	339.354353	339.658526	340.811703	341.133329	
18.64149	339.378787	339.641072	340.836137	341.133329	
18.65159	339.402265	339.623619	340.859615	341.124602	
18.66171	339.425239	339.606166	340.882589	341.107149	
18.67188	339.447735	339.588713	340.905085	341.098422	
18.682	339.469565	339.562533	340.926915	341.080969	
18.69219	339.490934	339.545079	340.948284	341.063516	
18.70234	339.511723	339.518899	340.969073	341.037336	
18.71249	339.531782	339.501446	340.989131	341.019883	
18.72267	339.551385	339.475266	341.008735	341.002429	
18.73305	339.570795	339.449086	341.028145	340.967523	
18.74308	339.588971	339.422906	341.046321	340.950069	
18.75318	339.60671	339.405453	341.06406	340.932616	
18.76331	339.623924	339.379273	341.081274	340.906436	
18.77344	339.640582	339.36182	341.097932	340.888983	
18.78426	339.657703	339.344366	341.115053	340.87153	
18.79384	339.672375	339.344366	341.129725	340.862803	
18.80399	339.687353	339.344366	341.144703	340.854076	
18.81407	339.701648	339.344366	341.158998	340.854076	
18.82421	339.715485	339.36182	341.172835	340.862803	
18.83462	339.729098	339.370546	341.186448	340.862803	
18.84467	339.74168	339.379273	341.19903	340.880256	
18.85475	339.753761	339.405453	341.211111	340.888983	
18.86496	339.765419	339.422906	341.222769	340.906436	
18.8751	339.77646	339.449086	341.23381	340.932616	
18.88568	339.787365	339.483993	341.244715	340.950069	
18.89534	339.796846	339.518899	341.254196	340.976249	
18.90548	339.806253	339.553806	341.263603	341.002429	
18.91564	339.815125	339.588713	341.272474	341.037336	
18.92574	339.823421	339.623619	341.280771	341.072242	
18.93612	339.831393	339.658526	341.288743	341.107149	
18.94615	339.838571	339.693432	341.295921	341.142056	
18.95625	339.845285	339.737066	341.302635	341.176962	
18.9664	339.851535	339.771972	341.308885	341.211869	
18.98444	339.860635	339.841785	341.317985	341.281682	
18.98895	339.86297	339.867965	341.32032	341.299135	
18.99914	339.867627	339.902872	341.324977	341.334042	
19.00932	339.871801	339.937778	341.329151	341.368948	
19.01944	339.875498	339.972685	341.332848	341.412582	
19.02957	339.878756	340.016318	341.336106	341.447488	
19.04114	339.881884	340.051225	341.339234	341.482395	
19.04995	339.884009	340.086131	341.341359	341.517301	
19.06007	339.886035	340.121038	341.343385	341.560935	
19.07023	339.887705	340.147218	341.345055	341.587115	
19.08036	339.892672	340.182125	341.350022	341.613294	
19.09059	339.892672	340.190851	341.350022	341.639474	
19.10073	339.892672	340.199578	341.350022	341.656928	
19.11088	339.892672	340.208304	341.350022	341.665654	
19.1211	339.892672	340.208304	341.350022	341.665654	
19.13116	339.892672	340.208304	341.350022	341.665654	
19.14272	339.892672	340.199578	341.350022	341.665654	
19.15159	339.892672	340.182125	341.350022	341.656928	
19.16166	339.892672	340.164671	341.350022	341.648201	
19.17185	339.892672	340.147218	341.350022	341.630748	
19.18193	339.892672	340.121038	341.350022	341.604568	
19.19686	339.892672	340.077405	341.350022	341.569661	
19.20841	339.892672	340.042498	341.350022	341.543481	
19.2173	339.892672	340.016318	341.350022	341.517301	
19.22753	339.892672	339.981412	341.350022	341.482395	
19.23762	339.892672	339.946505	341.350022	341.456215	
19.24788	339.892672	339.911598	341.350022	341.421308	
19.25803	339.892672	339.876692	341.350022	341.386402	
19.26825	339.892672	339.850512	341.350022	341.360222	
19.2785	339.892672	339.815605	341.350022	341.325315	
19.28869	339.892672	339.798152	341.350022	341.299135	
19.29886	339.892672	339.780699	341.350022	341.272955	
19.30908	339.892672	339.771972	341.350022	341.255502	
19.31921	339.892672	339.763245	341.350022	341.246775	
19.32942	339.892672	339.763245	341.350022	341.238049	
19.3397	339.892672	339.771972	341.350022	341.229322	
19.3499	339.892672	339.780699	341.350022	341.229322	
19.36009	339.892672	339.789425	341.350022	341.229322	
19.37035	339.892672	339.798152	341.350022	341.238049	
19.38053	339.892672	339.815605	341.350022	341.246775	
19.39076	339.892672	339.833059	341.350022	341.255502	
19.40102	339.892672	339.850512	341.350022	341.264229	
19.41116	339.892672	339.867965	341.350022	341.281682	
19.42138	339.892672	339.894145	341.350022	341.299135	
19.43159	339.892672	339.911598	341.350022	341.316589	
19.44179	339.892672	339.929052	341.350022	341.334042	
19.45199	339.892672	339.946505	341.350022	341.351495	
19.4625	339.892672	339.955232	341.350022	341.368948	
19.47243	339.892672	339.963958	341.350022	341.386402	
19.49094	339.892672	339.963958	341.350022	341.412582	
19.49577	339.892672	339.955232	341.350022	341.421308	
19.50599	339.892672	339.955232	341.350022	341.421308	
19.51623	339.892672	339.946505	341.350022	341.430035	
19.52645	339.892672	339.937778	341.350022	341.430035	
19.53671	339.892672	339.920325	341.350022	341.421308	
19.547	339.892672	339.902872	341.350022	341.421308	
19.55719	339.892672	339.894145	341.350022	341.412582	
19.56735	339.892672	339.876692	341.350022	341.403855	
19.57758	339.892672	339.859239	341.350022	341.386402	
19.58779	339.892672	339.841785	341.350022	341.377675	
19.598	339.892672	339.833059	341.350022	341.360222	
19.60821	339.892672	339.833059	341.350022	341.351495	
19.61846	339.892672	339.833059	341.350022	341.334042	
19.62866	339.892672	339.833059	341.350022	341.316589	
19.63883	339.892672	339.841785	341.350022	341.307862	
19.64913	339.892672	339.850512	341.350022	341.299135	
19.65926	339.892672	339.867965	341.350022	341.299135	
19.66946	339.892672	339.876692	341.350022	341.299135	
19.67977	339.892672	339.894145	341.350022	341.307862	
19.68991	339.892672	339.902872	341.350022	341.316589	
19.70018	339.892672	339.920325	341.350022	341.325315	
19.71034	339.892672	339.937778	341.350022	341.334042	
19.72057	339.892672	339.946505	341.350022	341.351495	
19.73089	339.892672	339.946505	341.350022	341.360222	
19.7411	339.892672	339.946505	341.350022	341.377675	
19.75132	339.892672	339.946505	341.350022	341.386402	
19.76159	339.892672	339.937778	341.350022	341.395128	
19.77174	339.892672	339.937778	341.350022	341.403855	
19.7822	339.892672	339.920325	341.350022	341.403855	
19.79221	339.892672	339.902872	341.350022	341.403855	
19.80243	339.892672	339.894145	341.350022	341.395128	
19.81298	339.892672	339.876692	341.350022	341.386402	
19.82287	339.892672	339.867965	341.350022	341.386402	
19.83319	339.892672	339.850512	341.350022	341.368948	
19.84329	339.892672	339.841785	341.350022	341.360222	
19.85356	339.892672	339.833059	341.350022	341.351495	
19.86389	339.892672	339.833059	341.350022	341.334042	
19.87408	339.892672	339.833059	341.350022	341.325315	
19.88429	339.892672	339.841785	341.350022	341.316589	
19.89446	339.892672	339.850512	341.350022	341.307862	
19.90464	339.892672	339.859239	341.350022	341.307862	
19.9149	339.892672	339.867965	341.350022	341.316589	
19.93345	339.892672	339.885419	341.350022	341.325315	
19.93826	339.892672	339.902872	341.350022	341.325315	
19.94847	339.892672	339.929052	341.350022	341.342768	
19.95865	339.892672	339.937778	341.350022	341.351495	
19.96889	339.892672	339.955232	341.350022	341.360222	
19.9791	339.892672	339.963958	341.350022	341.377675	
19.98931	339.892672	339.963958	341.350022	341.386402	
19.99947	339.892672	339.963958	341.350022	341.395128	
20.00974	339.892672	339.955232	341.350022	341.395128	
20.01984	339.892672	339.955232	341.350022	341.395128	
20.03002	339.892672	339.937778	341.350022	341.386402	
20.04024	339.892672	339.929052	341.350022	341.386402	
20.05048	339.892672	339.911598	341.350022	341.377675	
20.06061	339.892672	339.902872	341.350022	341.368948	
20.07079	339.892672	339.885419	341.350022	341.351495	
20.08937	339.892672	339.867965	341.350022	341.334042	
20.09419	339.892672	339.841785	341.350022	341.325315	
20.1044	339.892672	339.833059	341.350022	341.316589	
20.12289	339.892672	339.824332	341.350022	341.307862	
20.12777	339.892672	339.824332	341.350022	341.307862	
20.13792	339.892672	339.833059	341.350022	341.316589	
20.14806	339.892672	339.833059	341.350022	341.316589	
20.15824	339.892672	339.841785	341.350022	341.325315	
20.16846	339.892672	339.850512	341.350022	341.334042	
20.1788	339.892672	339.867965	341.350022	341.351495	
20.18892	339.892672	339.885419	341.350022	341.360222	
20.19911	339.892672	339.902872	341.350022	341.377675	
20.20938	339.892672	339.911598	341.350022	341.386402	
20.21956	339.892672	339.937778	341.350022	341.386402	
20.22969	339.892672	339.946505	341.350022	341.395128	
20.23995	339.892672	339.963958	341.350022	341.386402	
20.25017	339.892672	339.963958	341.350022	341.386402	
20.26039	339.892672	339.972685	341.350022	341.377675	
20.2706	339.892672	339.963958	341.350022	341.368948	
20.28081	339.892672	339.955232	341.350022	341.351495	
20.29096	339.892672	339.946505	341.350022	341.351495	
20.30114	339.892672	339.937778	341.350022	341.334042	
20.31135	339.892672	339.929052	341.350022	341.325315	
20.32165	339.892672	339.911598	341.350022	341.316589	
20.33187	339.892672	339.894145	341.350022	341.316589	
20.34209	339.892672	339.876692	341.350022	341.316589	
20.35231	339.892672	339.859239	341.350022	341.316589	
20.36254	339.892672	339.841785	341.350022	341.316589	
20.37276	339.892672	339.833059	341.350022	341.325315	
20.38294	339.892672	339.824332	341.350022	341.334042	
20.39323	339.892672	339.824332	341.350022	341.351495	
20.40338	339.892672	339.824332	341.350022	341.360222	
20.4136	339.892672	339.833059	341.350022	341.368948	
20.4239	339.892672	339.833059	341.350022	341.386402	
20.43413	339.892672	339.850512	341.350022	341.386402	
20.44418	339.892672	339.859239	341.350022	341.395128	
20.45438	339.892672	339.876692	341.350022	341.395128	
20.46457	339.892672	339.894145	341.350022	341.395128	
20.47487	339.892672	339.902872	341.350022	341.386402	
20.485	339.892672	339.929052	341.350022	341.377675	
20.49529	339.892672	339.937778	341.350022	341.368948	
20.51364	339.892672	339.955232	341.350022	341.351495	
20.5184	339.892672	339.963958	341.350022	341.342768	
20.52859	339.892672	339.963958	341.350022	341.334042	
20.53887	339.892672	339.963958	341.350022	341.316589	
20.54908	339.892672	339.955232	341.350022	341.316589	
20.55924	339.892672	339.946505	341.350022	341.307862	
20.56947	339.892672	339.937778	341.350022	341.307862	
20.57966	339.892672	339.929052	341.350022	341.307862	
20.58987	339.892672	339.911598	341.350022	341.316589	
20.60007	339.892672	339.894145	341.350022	341.325315	
20.61029	339.892672	339.876692	341.350022	341.334042	
20.62044	339.892672	339.859239	341.350022	341.351495	
20.6307	339.892672	339.850512	341.350022	341.360222	
20.64088	339.892672	339.833059	341.350022	341.368948	
20.65109	339.892672	339.833059	341.350022	341.386402	
20.66122	339.892672	339.833059	341.350022	341.395128	
20.67146	339.892672	339.833059	341.350022	341.403855	
20.68164	339.892672	339.841785	341.350022	341.403855	
20.69189	339.892672	339.850512	341.350022	341.403855	
20.70206	339.892672	339.859239	341.350022	341.395128	
20.71227	339.892672	339.867965	341.350022	341.386402	
20.72253	339.892672	339.885419	341.350022	341.386402	
20.73267	339.892672	339.902872	341.350022	341.368948	
20.74287	339.892672	339.920325	341.350022	341.360222	
20.75312	339.892672	339.937778	341.350022	341.351495	
20.76328	339.892672	339.946505	341.350022	341.342768	
20.77348	339.892672	339.955232	341.350022	341.325315	
20.78412	339.892672	339.955232	341.350022	341.316589	
20.79389	339.892672	339.955232	341.350022	341.316589	
20.80411	339.892672	339.955232	341.350022	341.307862	
20.81433	339.892672	339.937778	341.350022	341.316589	
20.8245	339.892672	339.937778	341.350022	341.316589	
20.8429	339.892672	339.911598	341.350022	341.334042	
20.84766	339.892672	339.902872	341.350022	341.334042	
20.85787	339.892672	339.894145	341.350022	341.351495	
20.86802	339.892672	339.876692	341.350022	341.351495	
20.87831	339.892672	339.867965	341.350022	341.360222	
20.88853	339.892672	339.850512	341.350022	341.368948	
20.90698	339.892672	339.833059	341.350022	341.386402	
20.9118	339.892672	339.833059	341.350022	341.386402	
20.92208	339.892672	339.833059	341.350022	341.386402	
20.93211	339.892672	339.841785	341.350022	341.386402	
20.94233	339.892672	339.841785	341.350022	341.386402	
20.95251	339.892672	339.850512	341.350022	341.377675	
20.9628	339.892672	339.867965	341.350022	341.368948	
20.97296	339.892672	339.876692	341.350022	341.360222	
20.98312	339.892672	339.894145	341.350022	341.351495	
20.99341	339.892672	339.902872	341.350022	341.342768	
21.00351	339.892672	339.920325	341.350022	341.334042	
21.0138	339.892672	339.937778	341.350022	341.325315	
21.02395	339.892672	339.946505	341.350022	341.316589	
21.03416	339.892672	339.946505	341.350022	341.316589	
21.04435	339.892672	339.946505	341.350022	341.316589	
21.0546	339.892672	339.946505	341.350022	341.316589	
21.06485	339.892672	339.937778	341.350022	341.316589	
21.07513	339.892672	339.929052	341.350022	341.325315	
21.08529	339.892672	339.920325	341.350022	341.334042	
21.09539	339.892672	339.902872	341.350022	341.351495	
21.10575	339.892672	339.894145	341.350022	341.360222	
21.1158	339.892672	339.876692	341.350022	341.368948	
21.12616	339.892672	339.867965	341.350022	341.386402	
21.13626	339.892672	339.850512	341.350022	341.386402	
21.14647	339.892672	339.841785	341.350022	341.395128	
21.16487	339.892672	339.833059	341.350022	341.395128	
21.16968	339.892672	339.833059	341.350022	341.395128	
21.17983	339.892672	339.841785	341.350022	341.386402	
21.19005	339.892672	339.850512	341.350022	341.386402	
21.20025	339.892672	339.859239	341.350022	341.368948	
21.21045	339.892672	339.867965	341.350022	341.360222	
21.2207	339.892672	339.876692	341.350022	341.351495	
21.23093	339.892672	339.894145	341.350022	341.342768	
21.24109	339.892672	339.911598	341.350022	341.334042	
21.25134	339.892672	339.929052	341.350022	341.316589	
21.26149	339.892672	339.937778	341.350022	341.316589	
21.27179	339.892672	339.955232	341.350022	341.307862	
21.2819	339.892672	339.963958	341.350022	341.307862	
21.29215	339.892672	339.963958	341.350022	341.316589	
21.30239	339.892672	339.963958	341.350022	341.316589	
21.31268	339.892672	339.955232	341.350022	341.325315	
21.33107	339.892672	339.937778	341.350022	341.351495	
21.33609	339.892672	339.937778	341.350022	341.351495	
21.34605	339.892672	339.929052	341.350022	341.368948	
21.35628	339.892672	339.911598	341.350022	341.377675	
21.36645	339.892672	339.894145	341.350022	341.386402	
21.37675	339.892672	339.876692	341.350022	341.395128	
21.38698	339.892672	339.859239	341.350022	341.395128	
21.39723	339.892672	339.841785	341.350022	341.395128	
21.40737	339.892672	339.833059	341.350022	341.386402	
21.41767	339.892672	339.824332	341.350022	341.386402	
21.42776	339.892672	339.824332	341.350022	341.377675	
21.43804	339.892672	339.824332	341.350022	341.368948	
21.44826	339.892672	339.833059	341.350022	341.351495	
21.45846	339.892672	339.833059	341.350022	341.351495	
21.46861	339.892672	339.841785	341.350022	341.334042	
21.47883	339.892672	339.859239	341.350022	341.325315	
21.48903	339.892672	339.867965	341.350022	341.316589	
21.49924	339.892672	339.885419	341.350022	341.316589	
21.50941	339.892672	339.902872	341.350022	341.316589	
21.51959	339.892672	339.929052	341.350022	341.316589	
21.5298	339.892672	339.937778	341.350022	341.316589	
21.53997	339.892672	339.955232	341.350022	341.325315	
21.55044	339.892672	339.955232	341.350022	341.334042	
21.56038	339.892672	339.963958	341.350022	341.351495	
21.57061	339.892672	339.955232	341.350022	341.360222	
21.58079	339.892672	339.955232	341.350022	341.368948	
21.59099	339.892672	339.946505	341.350022	341.377675	
21.60131	339.892672	339.937778	341.350022	341.386402	
21.6114	339.892672	339.920325	341.350022	341.395128	
21.62157	339.892672	339.902872	341.350022	341.395128	
21.63175	339.892672	339.894145	341.350022	341.386402	
21.64197	339.892672	339.876692	341.350022	341.386402	
21.65222	339.892672	339.859239	341.350022	341.377675	
21.66232	339.892672	339.841785	341.350022	341.368948	
21.67265	339.892672	339.833059	341.350022	341.360222	
21.68293	339.892672	339.833059	341.350022	341.351495	
21.6931	339.892672	339.833059	341.350022	341.334042	
21.70333	339.892672	339.833059	341.350022	341.325315	
21.71366	339.892672	339.841785	341.350022	341.316589	
21.72384	339.892672	339.850512	341.350022	341.316589	
21.73395	339.892672	339.867965	341.350022	341.316589	
21.74425	339.892672	339.876692	341.350022	341.316589	
21.75442	339.892672	339.894145	341.350022	341.316589	
21.76463	339.892672	339.902872	341.350022	341.325315	
21.77489	339.892672	339.920325	341.350022	341.334042	
21.78534	339.892672	339.937778	341.350022	341.351495	
21.7954	339.892672	339.946505	341.350022	341.351495	
21.80583	339.892672	339.946505	341.350022	341.368948	
21.81563	339.892672	339.946505	341.350022	341.377675	
21.82585	339.892672	339.946505	341.350022	341.386402	
21.83603	339.892672	339.937778	341.350022	341.395128	
21.84622	339.892672	339.937778	341.350022	341.395128	
21.85651	339.892672	339.920325	341.350022	341.386402	
21.87519	339.892672	339.902872	341.350022	341.377675	
21.88003	339.892672	339.894145	341.350022	341.377675	
21.8902	339.892672	339.876692	341.350022	341.368948	
21.90044	339.892672	339.859239	341.350022	341.351495	
21.9107	339.892672	339.850512	341.350022	341.342768	
21.92078	339.892672	339.833059	341.350022	341.334042	
21.93114	339.892672	339.833059	341.350022	341.316589	
21.94135	339.892672	339.833059	341.350022	341.316589	
21.95152	339.892672	339.833059	341.350022	341.307862	
21.96183	339.892672	339.833059	341.350022	341.316589	
21.97202	339.892672	339.841785	341.350022	341.316589	
21.98221	339.892672	339.859239	341.350022	341.325315	
21.99247	339.892672	339.867965	341.350022	341.334042	
22.0027	339.892672	339.885419	341.350022	341.351495	
22.0129	339.892672	339.902872	341.350022	341.351495	
22.02311	339.892672	339.920325	341.350022	341.368948	
22.03344	339.892672	339.937778	341.350022	341.377675	
22.04358	339.892672	339.946505	341.350022	341.386402	
22.05385	339.892672	339.955232	341.350022	341.395128	
22.06411	339.892672	339.963958	341.350022	341.395128	
22.0742	339.892672	339.963958	341.350022	341.386402	
22.08441	339.892672	339.955232	341.350022	341.386402	
22.09464	339.892672	339.955232	341.350022	341.377675	
22.10487	339.892672	339.937778	341.350022	341.368948	
22.11526	339.892672	339.937778	341.350022	341.360222	
22.12545	339.892672	339.920325	341.350022	341.351495	
22.1357	339.892672	339.902872	341.350022	341.334042	
22.14606	339.892672	339.885419	341.350022	341.325315	
22.15608	339.892672	339.867965	341.350022	341.316589	
22.1663	339.892672	339.850512	341.350022	341.316589	
22.18502	339.892672	339.841785	341.350022	341.316589	
22.18985	339.892672	339.833059	341.350022	341.316589	
22.20012	339.892672	339.833059	341.350022	341.316589	
22.2102	339.892672	339.833059	341.350022	341.334042	
22.2204	339.892672	339.841785	341.350022	341.342768	
22.23118	339.892672	339.859239	341.350022	341.351495	
22.24133	339.892672	339.867965	341.350022	341.360222	
22.25141	339.892672	339.876692	341.350022	341.368948	
22.26153	339.892672	339.894145	341.350022	341.377675	
22.27169	339.892672	339.911598	341.350022	341.386402	
22.28185	339.892672	339.929052	341.350022	341.386402	
22.29197	339.892672	339.937778	341.350022	341.386402	
22.30221	339.892672	339.946505	341.350022	341.386402	
22.31233	339.892672	339.955232	341.350022	341.377675	
22.32245	339.892672	339.963958	341.350022	341.368948	
22.33266	339.892672	339.955232	341.350022	341.360222	
22.34282	339.892672	339.955232	341.350022	341.351495	
22.35296	339.892672	339.946505	341.350022	341.342768	
22.3631	339.892672	339.937778	341.350022	341.334042	
22.37319	339.892672	339.929052	341.350022	341.325315	
22.38339	339.892672	339.911598	341.350022	341.316589	
22.39357	339.892672	339.902872	341.350022	341.316589	
22.40378	339.892672	339.885419	341.350022	341.316589	
22.41385	339.892672	339.867965	341.350022	341.316589	
22.42403	339.892672	339.850512	341.350022	341.316589	
22.43413	339.892672	339.841785	341.350022	341.325315	
22.44427	339.892672	339.833059	341.350022	341.334042	
22.45442	339.892672	339.833059	341.350022	341.351495	
22.46457	339.892672	339.833059	341.350022	341.360222	
22.47479	339.892672	339.841785	341.350022	341.368948	
22.48485	339.892672	339.850512	341.350022	341.386402	
22.5016	339.892672	339.867965	341.350022	341.395128	
22.51214	339.892672	339.876692	341.350022	341.403855	
