0.5282442	
0.5328582	
0.543193	
0.5611388	
0.5655298	
0.5756766	
0.5858285	
0.5960074	
0.6061752	
0.6163131	
0.62646	
0.6366008	
0.6467817	
0.6569296	
0.6671324	
0.6772623	
0.6873982	
0.6975511	
0.7077219	
0.7179398	
0.7280407	
0.7381635	
0.7484284	
0.7584923	
0.7686031	
0.778791	
0.7889579	
0.7990838	
0.8092366	
0.8194035	
0.8295594	
0.8397002	
0.8498401	
0.860007	
0.8701578	
0.8802857	
0.8904056	
0.9006935	
0.9108093	
0.9211242	
0.9311261	
0.9412589	
0.9513898	
0.9615297	
0.9716795	
0.9818944	
0.9919703	
1.002093	
1.012301	
1.022396	
1.03256	
1.042706	
1.052824	
1.062984	
1.073188	
1.083341	
1.093416	
1.103558	
1.113687	
1.123831	
1.134006	
1.144114	
1.154265	
1.164489	
1.174598	
1.184739	
1.195735	
1.205222	
1.215346	
1.225507	
1.235865	
1.245899	
1.255978	
1.266123	
1.276309	
1.286395	
1.296594	
1.306732	
1.316906	
1.327039	
1.339253	
1.347336	
1.357525	
1.367638	
1.377864	
1.38796	
1.39812	
1.408273	
1.418424	
1.428638	
1.43874	
1.449321	
1.459115	
1.469233	
1.479374	
1.489628	
1.499674	
1.5099	
1.519965	
1.530108	
1.540328	
1.550449	
1.560579	
1.570842	
1.580891	
1.591017	
1.601161	
1.611274	
1.621452	
1.631656	
1.641697	
1.65192	
1.66235	
1.672186	
1.682314	
1.69255	
1.702609	
1.712772	
1.722894	
1.733047	
1.751071	
1.755445	
1.765552	
1.775726	
1.785928	
1.796041	
1.806192	
1.81634	
1.826509	
1.836694	
1.846808	
1.856965	
1.867192	
1.877307	
1.887405	
1.898262	
1.908442	
1.918532	
1.928657	
1.93882	
1.949014	
1.959137	
1.969317	
1.988551	
1.992964	
2.003075	
2.021077	
2.025401	
2.035764	
2.045743	
2.055891	
2.066073	
2.076248	
2.08638	
2.096536	
2.106696	
2.116905	
2.127005	
2.137126	
2.14729	
2.167479	
2.17185	
2.18208	
2.192104	
2.20228	
2.212476	
2.222556	
2.232851	
2.242832	
2.253043	
2.263202	
2.273704	
2.283479	
2.293575	
2.303712	
2.313826	
2.324238	
2.334155	
2.344319	
2.354427	
2.372817	
2.377153	
2.387501	
2.39747	
2.407591	
2.417768	
2.427937	
2.438151	
2.44826	
2.458398	
2.468646	
2.481578	110.114329	110.112823	110.018336	110.016829	
2.491539	110.115995	110.112823	110.020002	110.016829	
2.501522	110.118261	110.112823	110.022268	110.016829	
2.511603	110.121165	110.112823	110.025172	110.025556	
2.522137	110.124879	110.130276	110.028886	110.025556	
2.531956	110.128896	110.139002	110.032903	110.025556	
2.542198	110.133735	110.147729	110.037742	110.025556	
2.552271	110.13909	110.165182	110.043097	110.034283	
2.562401	110.145096	110.182636	110.049103	110.043009	
2.572643	110.151804	110.191362	110.055811	110.051736	
2.58319	110.15939	110.200089	110.063397	110.060463	
2.592913	110.166916	110.200089	110.070923	110.060463	
2.603045	110.175395	110.200089	110.079402	110.077916	
2.61326	110.184571	110.191362	110.088578	110.086643	
2.62376	110.194677	110.182636	110.098684	110.095369	
2.633486	110.204577	110.182636	110.108584	110.104096	
2.643656	110.215571	110.182636	110.119578	110.121549	
2.653778	110.227116	110.191362	110.131123	110.130276	
2.663901	110.239282	110.200089	110.143289	110.147729	
2.674077	110.252186	110.208816	110.156193	110.165182	
2.684682	110.26623	110.217542	110.170237	110.173909	
2.694404	110.279673	110.234996	110.18368	110.191362	
2.704817	110.29476	110.252449	110.198767	110.200089	
2.71492	110.30999	110.269902	110.213997	110.217542	
2.725284	110.326273	110.287355	110.230279	110.226269	
2.735428	110.342815	110.304809	110.246822	110.234996	
2.745595	110.36002	110.322262	110.264027	110.252449	
2.755764	110.377846	110.357169	110.281853	110.261175	
2.765896	110.396222	110.374622	110.300229	110.269902	
2.77606	110.415287	110.400802	110.319294	110.287355	
2.786453	110.435445	110.426982	110.339452	110.304809	
2.796418	110.455325	110.453162	110.359331	110.313535	
2.806587	110.476256	110.479342	110.380263	110.330989	
2.816746	110.497777	110.505522	110.401784	110.348442	
2.82686	110.519826	110.531702	110.423833	110.374622	
2.837061	110.542683	110.566608	110.44669	110.392075	
2.847201	110.566023	110.592788	110.47003	110.418255	
2.857358	110.590023	110.618968	110.49403	110.444435	
2.867552	110.614734	110.645148	110.518741	110.479342	
2.877657	110.639836	110.671328	110.543843	110.505522	
2.887921	110.665986	110.706234	110.569993	110.531702	
2.898046	110.692363	110.732414	110.59637	110.566608	
2.908204	110.719468	110.758594	110.623475	110.601515	
2.918332	110.747094	110.784774	110.651101	110.636421	
2.928448	110.775318	110.810954	110.679324	110.671328	
2.938652	110.804408	110.845861	110.708415	110.697508	
2.948843	110.834076	110.872041	110.738083	110.732414	
2.958956	110.864134	110.898221	110.768141	110.767321	
2.969103	110.894911	110.924401	110.798918	110.802228	
2.979292	110.926437	110.950581	110.830444	110.828408	
2.989519	110.958732	110.985487	110.862739	110.863314	
2.999604	110.991146	111.020394	110.895153	110.898221	
3.009788	111.024536	111.046574	110.928543	110.933127	
3.01994	111.058419	111.072754	110.962426	110.968034	
3.030145	111.093105	111.10766	110.997112	111.00294	
3.040277	111.128167	111.142567	111.032174	111.037847	
3.050417	111.16387	111.177473	111.067877	111.072754	
3.06069	111.200672	111.21238	111.104679	111.10766	
3.070737	111.23727	111.247287	111.141277	111.142567	
3.081054	111.275802	111.282193	111.179809	111.177473	
3.091117	111.313428	111.3171	111.217435	111.21238	
3.101212	111.352009	111.352006	111.256016	111.247287	
3.111356	111.391436	111.386913	111.295443	111.282193	
3.121543	111.431653	111.421819	111.33566	111.3171	
3.131615	111.472034	111.456726	111.376041	111.352006	
3.141863	111.51374	111.500359	111.417747	111.386913	
3.151956	111.555413	111.535266	111.45942	111.430546	
3.162129	111.598206	111.578899	111.502213	111.465453	
3.172221	111.640969	111.613806	111.544976	111.509086	
3.182548	111.685537	111.657439	111.589544	111.552719	
3.192635	111.729682	111.701072	111.633688	111.596352	
3.202716	111.774352	111.744705	111.678358	111.631259	
3.212923	111.82024	111.788339	111.724247	111.683619	
3.223014	111.866238	111.831972	111.770245	111.727252	
3.241485	111.952913	111.875605	111.856919	111.805792	
3.246075	111.974372	111.936692	111.878379	111.840698	
3.25619	112.02247	111.989051	111.926477	111.875605	
3.266339	112.071349	112.032685	111.975356	111.936692	
3.276515	112.121004	112.085045	112.025011	111.980325	
3.286663	112.171115	112.137404	112.075122	112.032685	
3.296889	112.222257	112.189764	112.126264	112.085045	
3.307006	112.273429	112.242124	112.177435	112.137404	
3.317224	112.325782	112.285757	112.229789	112.189764	
3.327334	112.378171	112.346844	112.282178	112.250851	
3.337495	112.431451	112.399204	112.335458	112.303211	
3.347685	112.485523	112.451564	112.38953	112.364297	
3.35779	112.539716	112.503924	112.443723	112.416657	
3.367918	112.594682	112.556283	112.498689	112.469017	
3.378051	112.650469	112.61737	112.554476	112.521377	
3.388219	112.706686	112.678457	112.610693	112.573737	
3.398467	112.764196	112.730816	112.668203	112.634823	
3.408572	112.821467	112.791903	112.725474	112.69591	
3.418726	112.879659	112.852989	112.783666	112.74827	
3.429107	112.939823	112.905349	112.84383	112.818083	
3.439064	112.99809	112.975162	112.902096	112.870443	
3.449215	113.058103	113.027522	112.96211	112.931529	
3.459401	113.118971	113.088609	113.022978	112.992616	
3.46954	113.180174	113.149695	113.084181	113.053702	
3.479644	113.241759	113.210782	113.145766	113.114789	
3.48996	113.305312	113.271868	113.209319	113.167149	
3.500064	113.368172	113.332955	113.272179	113.236962	
3.510278	113.432301	113.394042	113.336308	113.298048	
3.520393	113.496413	113.463855	113.40042	113.359135	
3.530564	113.56158	113.524941	113.465587	113.420221	
3.541047	113.629821	113.586028	113.533828	113.490035	
3.550876	113.693436	113.647114	113.597443	113.551121	
3.561004	113.760124	113.708201	113.664131	113.620934	
3.571144	113.827509	113.778014	113.731516	113.690747	
3.581308	113.895687	113.847827	113.799694	113.760561	
3.591399	113.963971	113.908914	113.867977	113.821647	
3.601679	114.034194	113.97	113.938201	113.89146	
3.611848	114.104214	114.039813	114.008221	113.961274	
3.621943	114.174382	114.109626	114.078389	114.031087	
3.632053	114.245246	114.17944	114.149253	114.1009	
3.642505	114.319232	114.249253	114.223239	114.170713	
3.652385	114.389668	114.319066	114.293675	114.240526	
3.66252	114.462568	114.388879	114.366575	114.319066	
3.672715	114.536555	114.458692	114.440562	114.388879	
3.682805	114.610336	114.537232	114.514343	114.458692	
3.693021	114.685721	114.615772	114.589728	114.537232	
3.703271	114.761973	114.685585	114.66598	114.615772	
3.713333	114.837421	114.764125	114.741428	114.694312	
3.723543	114.914616	114.842665	114.818623	114.772852	
3.733568	114.990964	114.929931	114.894971	114.842665	
3.744013	115.071265	115.008471	114.975272	114.929931	
3.753908	115.147818	115.087011	115.051825	115.008471	
3.764035	115.226852	115.174277	115.130859	115.087011	
3.774283	115.307456	115.244091	115.211463	115.165551	
3.784354	115.387263	115.331357	115.29127	115.252817	
3.794515	115.468422	115.418623	115.372429	115.331357	
3.804871	115.551788	115.497163	115.455795	115.418623	
3.814855	115.632706	115.58443	115.536713	115.497163	
3.82502	115.715708	115.66297	115.619715	115.575703	
3.835165	115.799197	115.741509	115.703204	115.66297	
3.845419	115.884267	115.828776	115.788274	115.750236	
3.855521	115.968601	115.916042	115.872608	115.837502	
3.865671	116.053989	116.003309	115.957995	115.916042	
3.875839	116.140174	116.081849	116.044181	116.003309	
3.88596	116.226524	116.169115	116.130531	116.090575	
3.896134	116.313974	116.256381	116.217981	116.169115	
3.906382	116.402719	116.343648	116.306725	116.256381	
3.91652	116.491054	116.430914	116.395061	116.343648	
3.926667	116.58013	116.518181	116.484137	116.430914	
3.936783	116.669547	116.605447	116.573554	116.518181	
3.946989	116.760441	116.692714	116.664448	116.614174	
3.958963	116.867924	116.797434	116.771931	116.718894	
3.969055	116.959064	116.8847	116.863071	116.80616	
3.979186	117.051182	116.980693	116.955189	116.893427	
3.989323	117.143981	117.06796	117.047988	116.98942	
4.000886	117.250742	117.163953	117.154749	117.076686	
4.009702	117.332425	117.251219	117.236432	117.181406	
4.01985	117.427193	117.338486	117.3312	117.268672	
4.030013	117.522702	117.443205	117.426709	117.364666	
4.040183	117.618946	117.539198	117.522953	117.460659	
4.050351	117.713893	117.635192	117.6179	117.565378	
4.060543	117.808448	117.722458	117.712455	117.661372	
4.070673	117.901802	117.827178	117.805809	117.757365	
4.080815	117.994684	117.931898	117.898691	117.853358	
4.091123	118.088524	118.027891	117.99253	117.949351	
4.102538	118.191577	118.123884	118.095584	118.054071	
4.111316	118.270353	118.219877	118.174359	118.15879	
4.121444	118.36064	118.324597	118.264647	118.254783	
4.131608	118.450663	118.42059	118.354669	118.350777	
4.141682	118.539289	118.52531	118.443296	118.438043	
4.15548	118.663591	118.621303	118.567598	118.542763	
4.163582	118.729651	118.734749	118.633658	118.647483	
4.173608	118.815934	118.839469	118.719941	118.743476	
4.183737	118.902526	118.926735	118.806533	118.830742	
4.19398	118.989502	119.014002	118.893509	118.926735	
4.205846	119.08936	119.118721	118.993367	119.031455	
4.216051	119.17458	119.223441	119.078587	119.118721	
4.224341	119.243471	119.293254	119.147478	119.188535	
4.234474	119.327044	119.371794	119.231051	119.267074	
4.244722	119.41094	119.459061	119.314947	119.345614	
4.255188	119.49599	119.5376	119.399997	119.432881	
4.265296	119.577482	119.624867	119.481488	119.511421	
4.275452	119.658788	119.69468	119.562795	119.58996	
4.285594	119.739382	119.77322	119.643389	119.659774	
4.295751	119.819452	119.843033	119.723459	119.738313	
4.307504	119.911312	119.921573	119.815318	119.82558	
4.316102	119.978048	119.991386	119.882055	119.886666	
4.326339	120.05691	120.061199	119.960917	119.965206	
4.336419	120.133989	120.131012	120.037996	120.043746	
4.356268	120.282879	120.261912	120.186886	120.183372	
4.360797	120.316869	120.296819	120.220876	120.209552	
4.370955	120.392445	120.357905	120.296452	120.288092	
4.381143	120.467608	120.427718	120.371615	120.357905	
4.391239	120.541514	120.497532	120.445521	120.427718	
4.401406	120.615384	120.567345	120.519391	120.497532	
4.411859	120.690605	120.637158	120.594612	120.567345	
4.42191	120.762354	120.706971	120.666361	120.645885	
4.432054	120.834143	120.785511	120.73815	120.715698	
4.442167	120.905387	120.855324	120.809394	120.785511	
4.452456	120.97673	120.933864	120.880737	120.864051	
4.462496	121.045969	121.003677	120.949976	120.933864	
4.472669	121.115591	121.07349	121.019598	121.003677	
4.482787	121.184167	121.143303	121.088174	121.07349	
4.49317	121.253936	121.221843	121.157943	121.15203	
4.512198	121.379175	121.300383	121.283182	121.28293	
4.516871	121.409926	121.396376	121.313933	121.317836	
4.526927	121.475479	121.466189	121.379486	121.387649	
4.537273	121.542309	121.544729	121.446315	121.457463	
4.547238	121.606065	121.614542	121.510072	121.527276	
4.557462	121.670881	121.684355	121.574888	121.597089	
4.567568	121.734363	121.754169	121.63837	121.666902	
4.57786	121.798353	121.823982	121.70236	121.727989	
4.587975	121.86065	121.885068	121.764657	121.789075	
4.598129	121.922574	121.946155	121.826581	121.858888	
4.608816	121.987155	122.015968	121.891162	121.919975	
4.618525	122.045151	122.077055	121.949158	121.981061	
4.628713	122.105453	122.138141	122.00946	122.042148	
4.63879	122.16451	122.190501	122.068517	122.103234	
4.648928	122.223311	122.251587	122.127318	122.155594	
4.659131	122.281899	122.312674	122.185906	122.207954	
4.669284	122.339572	122.365034	122.243578	122.269041	
4.679472	122.39686	122.417394	122.300867	122.321401	
4.6896	122.453154	122.469754	122.357161	122.373761	
4.699746	122.508982	122.53084	122.412989	122.42612	
4.71034	122.566644	122.5832	122.470651	122.47848	
4.720113	122.619223	122.63556	122.52323	122.522113	
4.730282	122.673337	122.679193	122.577344	122.574473	
4.740398	122.726585	122.731553	122.630592	122.626833	
4.750514	122.779217	122.783913	122.683224	122.670466	
4.760729	122.831764	122.836273	122.735771	122.722826	
4.770827	122.883135	122.888633	122.787142	122.76646	
4.781056	122.934499	122.932266	122.838506	122.818819	
4.791204	122.984899	122.984626	122.888906	122.871179	
4.801282	123.034354	123.028259	122.938361	122.914813	
4.813046	123.091216	123.071892	122.995223	122.967172	
4.821671	123.132515	123.124252	123.036521	123.010806	
4.83184	123.180578	123.167885	123.084585	123.063166	
4.841953	123.227767	123.211519	123.131774	123.115525	
4.852073	123.274416	123.263878	123.178423	123.167885	
4.86253	123.321968	123.307512	123.225975	123.220245	
4.872383	123.366205	123.359872	123.270212	123.263878	
4.882511	123.411092	123.403505	123.315099	123.307512	
4.892691	123.455593	123.447138	123.3596	123.359872	
4.902806	123.499197	123.499498	123.403204	123.403505	
4.914427	123.548502	123.543131	123.452508	123.447138	
4.923226	123.58542	123.586764	123.489427	123.499498	
4.933326	123.627145	123.630398	123.531151	123.534404	
4.943445	123.668375	123.682757	123.572382	123.586764	
4.953564	123.70902	123.726391	123.613027	123.630398	
4.964023	123.750378	123.770024	123.654385	123.674031	
4.973898	123.788865	123.813657	123.692872	123.717664	
4.984017	123.827707	123.85729	123.731714	123.761297	
4.99422	123.866274	123.900924	123.770281	123.796204	
5.004302	123.903778	123.93583	123.807785	123.839837	
5.015945	123.946274	123.979463	123.850281	123.88347	
5.032569	124.005061	124.049277	123.909068	123.944557	
5.037169	124.021367	124.06673	123.925374	123.96201	
5.047283	124.056475	124.110363	123.960482	124.005643	
5.057394	124.09097	124.14527	123.994977	124.04055	
5.067626	124.125291	124.180176	124.029298	124.075457	
5.07775	124.158633	124.215083	124.06264	124.110363	
5.087902	124.191477	124.249989	124.095484	124.14527	
5.09807	124.223784	124.284896	124.127791	124.180176	
5.10821	124.255396	124.319803	124.159403	124.215083	
5.119219	124.28902	124.354709	124.193027	124.249989	
5.128564	124.317056	124.389616	124.221063	124.276169	
5.138691	124.346853	124.415796	124.25086	124.302349	
5.148949	124.376425	124.450702	124.280432	124.337256	
5.15899	124.404797	124.485609	124.308804	124.372162	
5.169177	124.432981	124.511789	124.336988	124.407069	
5.179326	124.460469	124.537969	124.364476	124.433249	
5.189493	124.487411	124.572875	124.391418	124.459429	
5.19968	124.513816	124.599055	124.417823	124.485609	
5.209797	124.53945	124.625235	124.443457	124.511789	
5.220822	124.566678	124.642689	124.470685	124.546695	
5.230131	124.589184	124.660142	124.493191	124.572875	
5.240277	124.61312	124.668868	124.517127	124.599055	
5.694371	125.112823	125.113927	125.016829	124.441976	
5.700259	125.112823	125.113927	125.016829	124.441976	
5.709897	125.112823	125.113927	125.016829	124.450702	
5.719995	125.112823	125.113927	125.016829	124.485609	
5.730279	125.112823	125.113927	125.016829	124.546695	
5.740385	125.112823	125.113927	125.016829	124.616509	
5.750605	125.112823	125.113927	125.016829	124.686322	
5.760736	125.112823	125.113927	125.016829	124.764862	
5.771193	125.112823	125.113927	125.016829	124.843401	
5.781131	125.112823	125.113927	125.016829	124.930668	
5.791187	125.112823	125.113927	125.016829	125.000481	
5.80135	125.112823	125.113927	125.016829	125.070294	
5.811556	125.112823	125.113927	125.016829	125.122654	
5.82161	125.112823	125.113927	125.016829	125.175014	
5.831929	125.112823	125.113927	125.016829	125.209921	
5.841968	125.112823	125.113927	125.016829	125.2361	
5.852145	125.112823	125.113927	125.016829	125.244827	
5.862259	125.112823	125.113927	125.016829	125.244827	
5.872552	125.112823	125.113927	125.016829	125.244827	
5.882569	125.112823	125.113927	125.016829	125.2361	
5.892715	125.112823	125.113927	125.016829	125.209921	
5.902859	125.112823	125.113927	125.016829	125.192467	
5.912998	125.112823	125.113927	125.016829	125.166287	
5.93145	125.112823	125.113927	125.016829	125.113927	
5.936038	125.112823	125.113927	125.016829	125.105201	
5.946157	125.112823	125.113927	125.016829	125.079021	
5.956343	125.112823	125.113927	125.016829	125.052841	
5.966561	125.112823	125.113927	125.016829	125.026661	
5.976687	125.112823	125.113927	125.016829	125.000481	
5.986865	125.112823	125.113927	125.016829	124.965574	
5.997107	125.112823	125.113927	125.016829	124.948121	
6.007191	125.112823	125.113927	125.016829	124.930668	
6.017356	125.112823	125.113927	125.016829	124.913215	
6.027487	125.112823	125.113927	125.016829	124.904488	
6.037662	125.112823	125.113927	125.016829	124.904488	
6.047849	125.112823	125.113927	125.016829	124.913215	
6.058001	125.112823	125.113927	125.016829	124.913215	
6.068152	125.112823	125.113927	125.016829	124.930668	
6.078365	125.112823	125.113927	125.016829	124.939395	
6.088466	125.112823	125.113927	125.016829	124.956848	
6.098626	125.112823	125.113927	125.016829	124.974301	
6.108807	125.112823	125.113927	125.016829	125.000481	
6.11895	125.112823	125.113927	125.016829	125.017934	
6.129106	125.112823	125.113927	125.016829	125.035388	
6.139217	125.112823	125.113927	125.016829	125.052841	
6.149416	125.112823	125.113927	125.016829	125.070294	
6.169006	125.112823	125.113927	125.016829	125.087747	
6.173576	125.112823	125.113927	125.016829	125.087747	
6.183696	125.112823	125.113927	125.016829	125.087747	
6.197214	125.112823	125.113927	125.016829	125.079021	
6.207331	125.112823	125.113927	125.016829	125.070294	
6.218173	125.112823	125.113927	125.016829	125.070294	
6.233895	125.112823	125.113927	125.016829	125.044114	
6.238765	125.112823	125.113927	125.016829	125.035388	
6.257153	125.112823	125.113927	125.016829	125.009208	
6.261982	125.112823	125.113927	125.016829	125.000481	
6.272219	125.112823	125.113927	125.016829	124.983028	
6.282399	125.112823	125.113927	125.016829	124.965574	
6.292563	125.112823	125.113927	125.016829	124.965574	
6.302847	125.112823	125.113927	125.016829	124.956848	
6.313049	125.112823	125.113927	125.016829	124.956848	
6.331641	125.112823	125.113927	125.016829	124.965574	
6.336449	125.112823	125.113927	125.016829	124.965574	
6.346743	125.112823	125.113927	125.016829	124.983028	
6.356906	125.112823	125.113927	125.016829	124.991754	
6.367088	125.112823	125.113927	125.016829	125.000481	
6.377295	125.112823	125.113927	125.016829	125.017934	
6.387514	125.112823	125.113927	125.016829	125.035388	
6.397742	125.112823	125.113927	125.016829	125.052841	
6.407951	125.112823	125.113927	125.016829	125.061568	
6.418188	125.112823	125.113927	125.016829	125.070294	
6.428396	125.112823	125.113927	125.016829	125.070294	
6.438713	125.112823	125.113927	125.016829	125.070294	
6.448836	125.112823	125.113927	125.016829	125.061568	
6.45904	125.112823	125.113927	125.016829	125.052841	
6.469321	125.112823	125.113927	125.016829	125.044114	
6.479463	125.112823	125.113927	125.016829	125.035388	
6.489681	125.112823	125.113927	125.016829	125.017934	
6.499945	125.112823	125.113927	125.016829	125.000481	
6.510131	125.112823	125.113927	125.016829	124.991754	
6.520337	125.112823	125.113927	125.016829	124.983028	
6.530687	125.112823	125.113927	125.016829	124.965574	
6.540795	125.112823	125.113927	125.016829	124.965574	
6.550995	125.112823	125.113927	125.016829	124.974301	
6.561295	125.112823	125.113927	125.016829	124.983028	
6.571445	125.112823	125.113927	125.016829	124.991754	
6.581646	125.112823	125.113927	125.016829	125.000481	
6.59197	125.112823	125.113927	125.016829	125.017934	
6.602183	125.112823	125.113927	125.016829	125.026661	
6.612351	125.112823	125.113927	125.016829	125.035388	
6.622605	125.112823	125.113927	125.016829	125.052841	
6.632803	125.112823	125.113927	125.016829	125.061568	
6.642994	125.112823	125.113927	125.016829	125.070294	
6.653419	125.112823	125.113927	125.016829	125.070294	
6.663535	125.112823	125.113927	125.016829	125.070294	
6.673744	125.112823	125.113927	125.016829	125.061568	
6.683929	125.112823	125.113927	125.016829	125.052841	
6.694109	125.112823	125.113927	125.016829	125.044114	
6.704368	125.112823	125.113927	125.016829	125.035388	
6.714634	125.112823	125.113927	125.016829	125.017934	
6.724995	125.112823	125.113927	125.016829	125.000481	
6.735085	125.112823	125.113927	125.016829	124.991754	
6.74527	125.112823	125.113927	125.016829	124.974301	
6.755487	125.112823	125.113927	125.016829	124.965574	
6.765657	125.112823	125.113927	125.016829	124.965574	
6.775863	125.112823	125.113927	125.016829	124.965574	
6.78606	125.112823	125.113927	125.016829	124.974301	
6.796252	125.112823	125.113927	125.016829	124.983028	
6.806477	125.112823	125.113927	125.016829	124.991754	
6.816678	125.112823	125.113927	125.016829	125.000481	
6.826858	125.112823	125.113927	125.016829	125.017934	
6.837194	125.112823	125.113927	125.016829	125.026661	
6.84726	125.112823	125.113927	125.016829	125.035388	
6.857582	125.112823	125.113927	125.016829	125.052841	
6.867792	125.112823	125.113927	125.016829	125.061568	
6.877964	125.112823	125.113927	125.016829	125.070294	
6.888175	125.112823	125.113927	125.016829	125.070294	
6.898385	125.112823	125.113927	125.016829	125.070294	
6.908604	125.112823	125.113927	125.016829	125.061568	
6.927148	125.112823	125.113927	125.016829	125.044114	
6.932031	125.112823	125.113927	125.016829	125.035388	
6.942202	125.112823	125.113927	125.016829	125.035388	
6.952388	125.112823	125.113927	125.016829	125.017934	
6.96268	125.112823	125.113927	125.016829	125.000481	
6.985115	125.112823	125.113927	125.016829	124.983028	
7.00516	125.112823	125.113927	125.016829	124.965574	
